2205
2250
2110
2113
2065
2021
2075
2065
2194
2234
2251
2187
2079
2019
1917
1851
1909
1953
2085
2216
2274
2234
2219
2196
2185
2158
2109
2056
2064
2111
2104
2127
2153
2155
2139
2073
2046
2009
1992
1988
2006
2050
2069
2047
2050
2026
2030
2050
2085
2139
2190
2186
2167
2178
2218
2194
2129
2028
1958
1979
2041
2123
2209
2292
2359
2351
2282
2175
2033
1957
1908
1906
1963
2051
2197
2265
2288
2271
2244
2222
2195
2165
2175
2204
2233
2247
2217
2144
2010
1935
1904
1946
2032
2150
2276
2295
2241
2118
1904
1769
1688
1698
1778
1882
2035
2128
2185
2200
2162
2109
2053
2003
2024
2093
2209
2281
2329
2315
2227
2141
2072
2017
2030
2074
2126
2175
2210
2213
2187
2149
2101
2084
2105
2139
2197
2230
2239
2214
2193
2159
2143
2118
2097
2084
2101
2128
2166
2207
2220
2210
2178
2126
2098
2081
2076
2087
2117
2178
2217
2246
2270
2251
2207
2144
2085
2068
2073
2105
2145
2175
2179
2136
2089
2035
1999
1984
2018
2081
2151
2224
2274
2294
2259
2200
2118
2064
2016
2005
2022
2045
2054
2058
2051
2046
2046
2057
2068
2095
2118
2141
2149
2131
2093
2045
1991
1958
1953
1976
2013
2062
2104
2136
2161
2169
2168
2170
2177
2197
2206
2224
2245
2262
2265
2254
2240
2228
2221
2226
2233
2241
2244
2239
2218
2188
2132
2087
2049
2009
1981
1965
1956
1956
1968
1988
2016
2042
2076
2113
2146
2181
2210
2226
2251
2266
2271
2251
2214
2154
2114
2083
2078
2094
2123
2160
2186
2192
2175
2116
2056
2003
1951
1931
1932
1953
1981
2008
2029
2036
2036
2046
2065
2096
2125
2162
2179
2194
2192
2179
2157
2153
2152
2151
2149
2168
2189
2209
2216
2202
2187
2166
2139
2118
2100
2094
2097
2099
2111
2109
2103
2088
2064
2051
2039
2035
2044
2058
2075
2097
2108
2123
2126
2118
2110
2090
2083
2078
2077
2087
2099
2120
2145
2158
2165
2157
2139
2119
2088
2069
2051
2032
2010
1996
1988
1980
1979
1986
2001
2021
2045
2071
2097
2111
2113
2125
2127
2135
2160
2186
2206
2219
2225
2219
2205
2173
2145
2118
2086
2065
2054
2049
2054
2069
2096
2123
2136
2158
2175
2188
2186
2183
2172
2173
2170
2169
2166
2174
2182
2193
2198
2192
2191
2187
2183
2177
2166
2156
2135
2118
2109
2094
2094
2098
2107
2114
2109
2103
2090
2087
2090
2087
2089
2093
2101
2127
2149
2162
2165
2161
2151
2127
2118
2108
2108
2099
2100
2103
2111
2107
2100
2095
2093
2088
2083
2088
2094
2101
2110
2110
2111
2109
2109
2105
2104
2108
2119
2125
2119
2125
2136
2140
2146
2148
2149
2156
2164
2168
2178
2192
2205
2200
2185
2171
2147
2137
2124
2118
2111
2115
2115
2116
2121
2129
2117
2110
2096
2082
2076
2079
2076
2084
2083
2086
2083
2085
2077
2078
2070
2061
2052
2036
2032
2030
2031
2038
2052
2064
2073
2072
2079
2087
2092
2097
2094
2098
2097
2102
2109
2117
2116
2109
2098
2090
2083
2084
2085
2097
2102
2111
2110
2114
2122
2133
2141
2140
2132
2131
2136
2134
2133
2139
2141
2133
2129
2122
2116
2114
2122
2124
2130
2125
2124
2122
2121
2114
2094
2086
2088
2091
2099
2108
2121
2134
2136
2134
2131
2124
2127
2129
2128
2125
2111
2097
2084
2078
2064
2032
2017
2010
2006
2002
2015
2029
2046
2060
2063
2072
2085
2093
2098
2103
2105
2105
2106
2111
2115
2125
2127
2134
2152
2166
2166
2169
2171
2166
2160
2149
2149
2147
2134
2141
2152
2163
2173
2175
2180
2192
2201
2202
2185
2179
2179
2179
2174
2166
2168
2174
2167
2158
2149
2147
2145
2144
2129
2126
2120
2125
2127
2117
2103
2105
2114
2120
2109
2104
2100
2101
2100
2087
2084
2078
2078
2066
2073
2076
2085
2088
2088
2083
2085
2084
2075
2065
2073
2078
2088
2096
2101
2100
2109
2114
2120
2130
2137
2139
2139
2134
2136
2129
2127
2130
2130
2134
2135
2140
2144
2155
2157
2155
2153
2158
2164
2171
2167
2172
2172
2172
2161
2156
2145
2146
2150
2148
2156
2152
2157
2165
2160
2160
2159
2159
2163
2167
2163
2161
2149
2130
2115
2103
2092
2090
2091
2103
2104
2105
2109
2113
2109
2102
2086
2074
2071
2061
2061
2055
2054
2057
2058
2062
2056
2061
2064
2073
2074
2085
2089
2098
2108
2117
2133
2134
2133
2122
2114
2118
2117
2119
2127
2146
2160
2164
2168
2160
2156
2147
2142
2144
2150
2147
2147
2152
2158
2160
2155
2150
2150
2148
2153
2155
2156
2159
2159
2152
2139
2139
2136
2144
2150
2140
2138
2136
2135
2140
2126
2123
2127
2121
2123
2122
2121
2122
2118
2107
2108
2094
2081
2079
2075
2068
2061
2061
2072
2084
2090
2098
2111
2122
2119
2124
2124
2123
2111
2105
2099
2101
2102
2101
2107
2111
2124
2134
2148
2156
2160
2158
2155
2151
2145
2144
2140
2147
2147
2156
2157
2159
2160
2161
2161
2163
2162
2163
2160
2167
2167
2168
2164
2158
2153
2145
2133
2138
2131
2127
2125
2121
2121
2119
2121
2114
2107
2098
2087
2093
2099
2094
2088
2084
2088
2095
2089
2084
2092
2088
2089
2090
2096
2091
2087
2083
2081
2084
2079
2076
2071
2070
2073
2076
2073
2080
2089
2096
2105
2108
2119
2110
2120
2124
2131
2144
2151
2157
2175
2174
2170
2166
2161
2153
2153
2149
2147
2149
2154
2157
2159
2158
2174
2179
2178
2179
2174
2167
2169
2165
2165
2167
2167
2168
2165
2162
2167
2164
2165
2160
2153
2152
2148
2148
2143
2135
2125
2128
2123
2111
2105
2102
2106
2114
2117
2110
2103
2097
2095
2090
2089
2087
2090
2094
2100
2102
2101
2096
2092
2092
2089
2090
2091
2096
2105
2111
2119
2132
2126
2131
2138
2147
2152
2148
2153
2155
2158
2157
2152
2154
2159
2165
2167
2166
2172
2175
2175
2172
2165
2162
2160
2154
2154
2152
2148
2141
2136
2136
2144
2147
2152
2155
2151
2150
2151
2153
2147
2147
2134
2131
2111
2100
2099
2092
2095
2091
2086
2081
2098
2097
2092
2098
2096
2098
2096
2087
2088
2086
2086
2085
2086
2084
2083
2088
2095
2096
2102
2095
2096
2100
2103
2101
2104
2101
2094
2092
2091
2100
2110
2111
2120
2124
2128
2135
2139
2144
2145
2147
2153
2160
2160
2160
2162
2163
2165
2163
2160
2148
2146
2145
2137
2144
2142
2147
2152
2153
2152
2154
2158
2145
2135
2138
2135
2134
2122
2113
2103
2097
2092
2090
2093
2097
2092
2095
2102
2098
2095
2083
2078
2079
2075
2079
2079
2081
2087
2091
2095
2101
2107
2106
2104
2109
2111
2111
2110
2112
2116
2113
2111
2111
2119
2114
2111
2113
2116
2125
2135
2144
2150
2155
2153
2150
2149
2153
2151
2154
2158
2153
2151
2148
2145
2141
2145
2148
2156
2160
2161
2156
2152
2147
2144
2136
2137
2131
2135
2132
2139
2137
2139
2135
2125
2128
2128
2122
2120
2114
2104
2104
2106
2099
2096
2097
2088
2082
2084
2082
2086
2090
2086
2089
2082
2079
2083
2091
2090
2091
2094
2100
2107
2107
2104
2095
2090
2091
2097
2107
2105
2103
2105
2108
2107
2110
2114
2110
2111
2113
2110
2122
2125
2123
2128
2131
2134
2139
2147
2153
2165
2175
2179
2181
2178
2173
2167
2166
2163
2157
2144
2146
2148
2146
2151
2147
2138
2134
2131
2125
2115
2116
2114
2113
2108
2099
2088
2092
2091
2094
2091
2091
2093
2098
2088
2078
2075
2077
2076
2074
2071
2071
2068
2074
2073
2068
2075
2083
2087
2089
2092
2092
2093
2087
2087
2093
2096
2105
2109
2111
2114
2113
2118
2117
2128
2129
2134
2140
2140
2139
2133
2129
2126
2124
2122
2124
2123
2131
2138
2142
2137
2141
2136
2138
2142
2142
2140
2144
2147
2143
2138
2137
2132
2132
2130
2129
2123
2113
2111
2104
2094
2085
2076
2074
2072
2073
2077
2082
2088
2078
2075
2074
2082
2078
2077
2075
2068
2071
2058
2058
2061
2062
2058
2069
2067
2069
2069
2070
2071
2074
2077
2077
2080
2079
2085
2089
2087
2091
2095
2102
2110
2119
2121
2131
2125
2128
2119
2120
2120
2118
2120
2124
2123
2136
2136
2133
2137
2139
2136
2136
2131
2132
2131
2129
2132
2133
2130
2130
2133
2134
2130
2124
2120
2114
2114
2114
2118
2114
2108
2092
2088
2081
2079
2076
2079
2083
2090
2088
2093
2086
2089
2086
2083
2074
2075
2071
2070
2068
2070
2070
2075
2076
2079
2079
2078
2077
2078
2079
2083
2089
2094
2091
2094
2100
2101
2107
2119
2125
2132
2134
2142
2141
2139
2138
2139
2137
2134
2134
2132
2131
2139
2139
2143
2139
2137
2140
2139
2142
2150
2153
2154
2149
2137
2146
2146
2143
2143
2140
2139
2143
2142
2142
2133
2129
2121
2113
2099
2100
2099
2091
2096
2099
2086
2082
2084
2083
2084
2080
2074
2065
2063
2056
2055
2055
2061
2064
2075
2077
2084
2081
2085
2088
2084
2083
2083
2085
2090
2089
2094
2095
2098
2103
2110
2115
2118
2125
2134
2133
2132
2137
2136
2138
2138
2142
2140
2141
2152
2155
2153
2155
2155
2153
2149
2149
2150
2153
2151
2153
2150
2137
2133
2134
2127
2125
2125
2123
2122
2125
2124
2124
2127
2123
2115
2103
2102
2096
2091
2083
2082
2078
2082
2084
2085
2083
2078
2075
2064
2066
2065
2065
2071
2077
2076
2076
2081
2083
2079
2081
2079
2083
2092
2096
2108
2107
2110
2109
2109
2115
2113
2120
2130
2130
2133
2133
2137
2138
2136
2137
2133
2133
2135
2141
2147
2158
2159
2164
2157
2162
2163
2161
2158
2154
2153
2149
2141
2146
2139
2139
2137
2128
2125
2125
2123
2122
2121
2118
2117
2114
2106
2102
2098
2093
2097
2097
2098
2107
2107
2107
2107
2105
2099
2090
2087
2088
2085
2078
2071
2067
2061
2062
2061
2064
2070
2077
2079
2083
2091
2084
2091
2089
2090
2089
2093
2092
2090
2102
2107
2111
2119
2124
2134
2138
2138
2136
2135
2132
2131
2140
2141
2144
2145
2150
2152
2152
2155
2154
2151
2148
2149
2153
2158
2163
2162
2159
2153
2147
2146
2145
2139
2130
2130
2125
2119
2123
2121
2121
2114
2104
2090
2093
2096
2095
2095
2097
2094
2105
2102
2102
2102
2096
2096
2090
2088
2084
2089
2096
2094
2096
2093
2096
2089
2083
2082
2084
2082
2082
2084
2087
2095
2102
2104
2111
2118
2118
2123
2130
2134
2136
2135
2137
2138
2135
2139
2137
2140
2145
2142
2147
2146
2150
2154
2152
2150
2152
2148
2147
2146
2140
2136
2137
2138
2138
2138
2133
2136
2134
2133
2136
2136
2137
2132
2122
2110
2096
2085
2079
2081
2078
2084
2087
2091
2088
2091
2091
2084
2085
2087
2084
2088
2085
2079
2074
2073
2073
2078
2084
2089
2088
2093
2091
2097
2105
2106
2107
2103
2101
2103
2097
2101
2094
2102
2111
2120
2130
2142
2140
2135
2138
2142
2146
2145
2145
2142
2142
2141
2139
2140
2138
2137
2136
2131
2130
2130
2123
2132
2123
2118
2113
2113
2117
2115
2114
2110
2109
2105
2107
2105
2108
2108
2106
2091
2093
2091
2090
2091
2088
2083
2081
2083
2085
2077
2072
2074
2070
2065
2064
2060
2061
2065
2065
2070
2071
2074
2076
2078
2077
2081
2083
2081
2078
2082
2082
2086
2090
2090
2093
2097
2110
2121
2124
2129
2137
2138
2131
2138
2139
2142
2142
2136
2139
2140
2142
2143
2145
2153
2153
2155
2159
2160
2153
2149
2152
2148
2143
2143
2140
2139
2139
2131
2128
2127
2130
2127
2134
2130
2123
2114
2102
2092
2083
2081
2079
2088
2091
2087
2086
2091
2090
2084
2081
2079
2077
2078
2075
2074
2081
2080
2073
2071
2070
2077
2073
2076
2090
2091
2096
2099
2107
2101
2105
2105
2104
2105
2107
2108
2111
2117
2126
2131
2137
2137
2137
2140
2147
2146
2145
2141
2142
2146
2152
2152
2157
2153
2153
2153
2153
2150
2155
2158
2156
2154
2153
2149
2149
2148
2146
2140
2140
2137
2139
2132
2128
2121
2109
2096
2092
2095
2098
2104
2106
2103
2101
2102
2099
2096
2089
2082
2077
2075
2076
2079
2085
2087
2089
2086
2086
2082
2082
2085
2085
2088
2090
2097
2096
2099
2103
2104
2113
2111
2116
2122
2126
2132
2132
2134
2138
2137
2134
2136
2142
2148
2149
2150
2152
2152
2150
2148
2149
2156
2151
2148
2146
2140
2140
2138
2140
2143
2135
2137
2128
2127
2119
2121
2114
2115
2114
2121
2117
2117
2108
2101
2094
2093
2095
2101
2095
2090
2083
2082
2074
2073
2072
2073
2072
2067
2060
2054
2047
2057
2054
2048
2051
2054
2059
2063
2074
2071
2071
2072
2066
2067
2075
2082
2085
2089
2089
2093
2094
2100
2107
2118
2119
2117
2116
2115
2118
2121
2126
2122
2128
2128
2129
2135
2138
2137
2139
2135
2134
2134
2133
2130
2126
2123
2118
2119
2116
2118
2116
2114
2115
2116
2115
2119
2118
2113
2109
2103
2094
2084
2078
2076
2076
2081
2084
2087
2084
2090
2087
2084
2083
2078
2078
2075
2068
2065
2057
2059
2065
2063
2060
2069
2072
2072
2068
2076
2086
2096
2099
2104
2108
2107
2107
2109
2110
2110
2115
2120
2128
2132
2140
2142
2140
2143
2148
2145
2140
2139
2141
2137
2136
2136
2144
2145
2145
2148
2151
2153
2149
2149
2152
2156
2154
2150
2145
2142
2135
2134
2131
2113
2111
2107
2105
2100
2101
2100
2098
2097
2098
2095
2100
2099
2094
2096
2096
2089
2081
2079
2072
2069
2072
2072
2070
2071
2073
2076
2078
2082
2091
2091
2092
2095
2094
2089
2091
2091
2093
2087
2094
2097
2105
2105
2115
2119
2122
2129
2126
2133
2134
2139
2135
2135
2132
2136
2138
2137
2136
2134
2138
2144
2141
2138
2148
2153
2158
2153
2147
2140
2139
2132
2134
2132
2131
2129
2126
2122
2127
2122
2124
2119
2118
2115
2103
2098
2095
2089
2089
2082
2075
2074
2078
2079
2081
2078
2081
2078
2081
2081
2079
2074
2072
2070
2072
2074
2070
2074
2084
2083
2080
2087
2086
2086
2094
2098
2094
2092
2094
2097
2100
2105
2106
2108
2114
2121
2127
2125
2134
2135
2138
2140
2138
2144
2151
2157
2164
2167
2171
2170
2167
2163
2155
2157
2160
2156
2154
2154
2146
2148
2148
2149
2144
2141
2140
2135
2134
2137
2132
2123
2119
2108
2101
2100
2095
2093
2086
2085
2086
2083
2086
2087
2085
2083
2086
2084
2075
2077
2070
2072
2066
2077
2081
2081
2088
2097
2097
2097
2099
2098
2094
2096
2093
2098
2106
2103
2108
2114
2115
2118
2125
2128
2131
2129
2133
2132
2129
2141
2144
2145
2154
2160
2162
2164
2161
2165
2172
2173
2162
2163
2158
2160
2155
2148
2145
2145
2141
2144
2149
2143
2138
2139
2145
2136
2132
2131
2123
2109
2099
2092
2093
2090
2087
2083
2088
2093
2095
2088
2089
2087
2091
2085
2082
2083
2084
2088
2092
2090
2086
2082
2092
2094
2093
2095
2099
2101
2106
2103
2104
2107
2113
2111
2107
2107
2119
2118
2124
2131
2136
2138
2133
2137
2135
2137
2137
2146
2148
2155
2155
2163
2166
2168
2164
2160
2158
2161
2151
2157
2163
2162
2168
2166
2164
2167
2161
2151
2144
2148
2144
2141
2142
2140
2140
2128
2120
2112
2107
2106
2106
2114
2111
2115
2110
2106
2106
2100
2091
2093
2093
2086
2088
2082
2080
2078
2083
2085
2092
2098
2106
2101
2105
2106
2110
2114
2111
2109
2105
2101
2103
2105
2114
2121
2129
2136
2142
2145
2153
2150
2145
2146
2153
2149
2149
2151
2149
2152
2156
2156
2160
2161
2169
2168
2169
2175
2179
2178
2170
2163
2164
2165
2165
2157
2147
2148
2143
2144
2138
2140
2142
2137
2130
2126
2116
2107
2106
2105
2096
2100
2097
2097
2092
2095
2096
2091
2087
2086
2083
2082
2083
2086
2087
2084
2088
2093
2091
2092
2089
2091
2093
2098
2100
2100
2091
2100
2097
2098
2103
2109
2115
2126
2128
2129
2132
2135
2137
2139
2132
2131
2129
2131
2138
2144
2146
2147
2151
2157
2163
2165
2165
2159
2154
2149
2148
2147
2151
2147
2145
2140
2139
2141
2135
2131
2135
2134
2130
2128
2121
2113
2106
2097
2097
2095
2096
2097
2093
2097
2091
2089
2089
2088
2084
2088
2084
2084
2084
2086
2086
2092
2095
2095
2098
2094
2090
2087
2089
2093
2097
2105
2107
2114
2114
2111
2115
2115
2122
2121
2125
2134
2142
2142
2140
2145
2148
2150
2151
2156
2149
2155
2153
2151
2163
2167
2169
2166
2168
2169
2166
2163
2169
2162
2163
2160
2151
2153
2148
2154
2149
2153
2155
2139
2142
2140
2145
2139
2134
2128
2118
2111
2103
2107
2109
2109
2110
2106
2106
2101
2100
2099
2092
2094
2095
2094
2088
2091
2094
2094
2097
2104
2098
2104
2102
2098
2102
2104
2101
2096
2098
2097
2096
2102
2101
2108
2111
2118
2125
2134
2142
2140
2145
2147
2142
2143
2140
2147
2142
2144
2147
2153
2161
2153
2145
2147
2144
2144
2140
2141
2141
2142
2136
2132
2129
2122
2126
2126
2124
2123
2117
2115
2110
2105
2098
2081
2078
2074
2069
2071
2065
2066
2068
2067
2067
2061
2060
2057
2056
2054
2049
2043
2047
2049
2050
2051
2057
2058
2058
2068
2072
2069
2071
2069
2073
2078
2088
2091
2098
2103
2103
2100
2106
2105
2102
2111
2119
2122
2124
2126
2126
2131
2135
2134
2133
2135
2139
2139
2134
2142
2136
2134
2134
2136
2137
2136
2131
2132
2133
2132
2135
2130
2128
2123
2127
2122
2122
2124
2117
2120
2117
2114
2101
2092
2091
2095
2088
2089
2088
2093
2093
2095
2095
2092
2085
2073
2063
2061
2047
2042
2049
2052
2054
2056
2063
2069
2072
2074
2074
2077
2087
2089
2089
2092
2092
2090
2094
2096
2099
2100
2106
2116
2131
2141
2148
2144
2140
2136
2131
2132
2140
2136
2136
2134
2140
2142
2152
2156
2155
2154
2149
2147
2148
2142
2134
2141
2143
2139
2141
2133
2132
2125
2121
2116
2116
2113
2111
2111
2103
2097
2095
2090
2093
2090
2089
2092
2094
2090
2088
2086
2086
2081
2076
2074
2076
2072
2079
2080
2079
2079
2084
2091
2088
2087
2083
2089
2093
2094
2096
2101
2103
2111
2115
2115
2117
2119
2124
2130
2136
2138
2141
2138
2139
2137
2136
2136
2138
2141
2145
2150
2155
2160
2162
2166
2160
2166
2164
2157
2150
2148
2144
2135
2135
2134
2130
2130
2137
2133
2138
2138
2137
2141
2139
2137
2127
2117
2111
2109
2103
2102
2100
2108
2111
2109
2102
2100
2096
2091
2098
2096
2096
2093
2090
2089
2084
2082
2085
2082
2090
2089
2089
2086
2092
2102
2106
2104
2104
2108
2110
2111
2105
2114
2117
2124
2129
2130
2139
2138
2142
2134
2137
2129
2133
2135
2135
2136
2139
2138
2136
2134
2140
2149
2149
2150
2154
2156
2159
2152
2147
2142
2134
2131
2132
2130
2131
2131
2127
2126
2126
2124
2115
2114
2108
2104
2099
2102
2099
2102
2100
2101
2099
2102
2099
2098
2091
2092
2086
2081
2077
2078
2077
2081
2083
2084
2085
2089
2091
2093
2096
2092
2087
2090
2089
2092
2094
2100
2105
2102
2100
2106
2113
2122
2126
2130
2134
2133
2138
2132
2134
2129
2126
2132
2133
2138
2141
2147
2153
2162
2166
2165
2166
2171
2163
2154
2150
2151
2147
2155
2153
2152
2149
2147
2147
2145
2147
2146
2143
2140
2134
2130
2115
2107
2106
2097
2097
2096
2101
2096
2092
2096
2095
2098
2096
2096
2096
2093
2093
2092
2086
2083
2082
2078
2080
2084
2087
2084
2089
2084
2088
2092
2103
2107
2108
2113
2118
2118
2120
2124
2126
2134
2142
2146
2148
2147
2147
2149
2156
2163
2162
2165
2164
2161
2160
2165
2159
2163
2163
2172
2175
2174
2169
2168
2169
2162
2158
2153
2146
2143
2141
2146
2144
2143
2134
2132
2131
2130
2120
2111
2109
2111
2109
2107
2107
2110
2110
2103
2100
2097
2092
2095
2091
2084
2084
2083
2084
2083
2087
2085
2093
2097
2099
2100
2105
2107
2105
2103
2105
2107
2110
2108
2113
2121
2118
2123
2130
2141
2148
2155
2157
2153
2155
2150
2148
2150
2151
2153
2158
2156
2160
2161
2170
2175
2181
2173
2171
2173
2172
2170
2159
2146
2150
2150
2153
2153
2155
2152
2145
2140
2134
2134
2138
2136
2127
2118
2117
2110
2108
2107
2105
2100
2100
2104
2101
2095
2091
2085
2087
2088
2086
2080
2082
2079
2070
2075
2079
2073
2079
2076
2081
2079
2079
2082
2086
2087
2089
2099
2100
2105
2106
2113
2114
2110
2109
2121
2125
2123
2127
2127
2126
2128
2133
2136
2130
2133
2136
2137
2154
2151
2157
2159
2166
2159
2152
2150
2154
2154
2157
2154
2155
2153
2150
2151
2143
2145
2140
2136
2129
2127
2126
2119
2113
2108
2108
2108
2107
2098
2101
2100
2100
2100
2104
2104
2099
2102
2099
2091
2093
2091
2087
2083
2086
2085
2088
2084
2084
2090
2095
2098
2100
2101
2104
2104
2110
2106
2111
2108
2119
2121
2127
2128
2133
2139
2140
2139
2140
2135
2138
2137
2140
2145
2141
2144
2153
2160
2164
2175
2174
2169
2162
2162
2166
2159
2156
2159
2151
2153
2148
2147
2147
2150
2146
2145
2140
2139
2137
2129
2120
2111
2102
2109
2107
2107
2108
2104
2106
2103
2110
2109
2104
2107
2109
2103
2093
2095
2088
2091
2085
2083
2075
2079
2077
2085
2082
2089
2088
2089
2091
2087
2096
2096
2097
2099
2097
2100
2102
2104
2107
2119
2127
2125
2116
2120
2124
2134
2133
2139
2135
2137
2142
2152
2152
2143
2150
2149
2150
2154
2148
2145
2140
2138
2139
2136
2138
2137
2136
2132
2130
2131
2124
2119
2120
2104
2105
2098
2090
2084
2088
2087
2087
2093
2089
2085
2082
2085
2084
2083
2087
2086
2078
2072
2070
2067
2059
2058
2059
2070
2077
2081
2084
2085
2091
2094
2092
2096
2091
2094
2093
2098
2097
2098
2098
2098
2098
2106
2115
2124
2127
2132
2132
2134
2133
2132
2129
2133
2134
2134
2132
2139
2139
2141
2142
2144
2143
2144
2141
2145
2152
2150
2144
2138
2139
2137
2137
2138
2131
2129
2121
2118
2114
2113
2103
2101
2099
2098
2089
2090
2088
2092
2092
2088
2087
2078
2077
2075
2074
2076
2073
2071
2067
2070
2069
2073
2072
2068
2066
2068
2071
2071
2078
2084
2086
2097
2094
2096
2097
2097
2099
2097
2107
2111
2117
2126
2132
2128
2124
2119
2122
2127
2127
2130
2129
2130
2135
2134
2144
2143
2144
2148
2145
2144
2146
2141
2137
2130
2126
2128
2131
2124
2122
2117
2118
2121
2121
2121
2121
2115
2111
2106
2100
2086
2090
2090
2089
2084
2081
2083
2076
2070
2069
2071
2067
2071
2075
2072
2068
2067
2066
2066
2066
2067
2066
2070
2074
2078
2081
2082
2088
2089
2091
2095
2105
2103
2099
2103
2110
2108
2111
2121
2126
2134
2131
2132
2132
2134
2136
2141
2144
2149
2152
2155
2159
2159
2164
2158
2153
2154
2156
2154
2153
2152
2153
2154
2151
2152
2152
2153
2153
2152
2151
2147
2141
2135
2133
2127
2119
2119
2113
2111
2110
2111
2106
2103
2105
2096
2099
2095
2093
2086
2084
2085
2077
2079
2078
2076
2076
2075
2079
2082
2082
2083
2090
2091
2088
2091
2095
2104
2109
2109
2107
2109
2108
2119
2126
2129
2135
2143
2151
2153
2152
2149
2158
2153
2151
2151
2150
2155
2160
2160
2165
2172
2168
2170
2165
2166
2163
2160
2145
2150
2146
2145
2144
2148
2149
2141
2141
2141
2135
2134
2132
2131
2122
2113
2113
2105
2096
2102
2097
2095
2098
2099
2097
2093
2091
2089
2088
2087
2078
2079
2074
2078
2077
2078
2070
2074
2077
2080
2084
2086
2088
2082
2088
2093
2098
2099
2105
2106
2107
2114
2114
2117
2119
2128
2134
2135
2134
2138
2146
2151
2150
2147
2151
2151
2151
2151
2154
2155
2149
2155
2154
2146
2152
2147
2149
2148
2150
2151
2148
2138
2145
2142
2145
2140
2136
2138
2137
2136
2128
2123
2113
2104
2104
2103
2101
2093
2097
2089
2090
2087
2091
2089
2087
2090
2092
2083
2081
2075
2073
2072
2074
2080
2082
2085
2089
2088
2092
2095
2096
2099
2104
2113
2115
2111
2108
2115
2121
2120
2132
2137
2147
2145
2148
2154
2145
2148
2153
2153
2149
2147
2147
2149
2148
2146
2149
2156
2159
2158
2166
2168
2165
2159
2161
2157
2155
2154
2155
2154
2154
2160
2154
2149
2144
2145
2137
2134
2127
2116
2109
2105
2100
2101
2102
2106
2107
2110
2111
