2489
2381
2432
2409
2286
2232
2211
2118
2046
1999
1992
1929
1935
1917
1903
1888
1819
1766
1727
1713
1692
1734
1847
1929
2042
2051
2063
2078
2060
2002
1925
1965
2059
2083
2158
2244
2301
2329
2264
2242
2225
2199
2157
2142
2166
2149
2117
2105
2078
2070
2058
2049
2010
1975
1904
1889
1867
1840
1875
1882
1909
1968
2058
2160
2215
2266
2328
2369
2424
2493
2529
2539
2554
2180
1894
1625
1857
1812
1624
1622
1641
1464
1355
1268
1002
1208
1021
1047
1226
1396
1524
1421
1565
1639
1617
1831
1845
1831
1974
1918
2043
2161
2200
2279
2025
1995
1803
1969
1471
1700
1462
1674
1827
1851
1931
1956
1968
2004
2025
2038
2030
2020
2003
2019
2088
2162
2267
2430
2535
2617
2691
2685
2680
2667
2613
2557
2498
2392
2300
2227
2166
2102
2040
1993
1910
1866
1839
1787
1794
1807
1815
1884
1953
2010
2099
2168
2219
2257
2257
2242
2243
2262
2337
2410
2481
2517
2535
2508
2461
2409
2312
2251
2209
2200
2204
2211
2227
2244
2250
2216
2146
2090
2023
1954
1949
1944
1951
1964
1966
1968
1996
2032
2102
2171
2218
2259
2281
2331
2368
2386
2410
2405
2373
2296
2232
2160
2076
2000
1965
1951
1943
1934
1935
1927
1926
1923
1925
1937
1966
2019
2093
2175
2223
2256
2279
2292
2290
2285
2319
2347
2365
2362
2345
2316
2265
2226
2192
2123
2066
2012
1974
1961
1967
1994
2000
2028
2044
2079
2114
2167
2213
2230
2231
2232
2240
2237
2262
2285
2292
2327
2348
2371
2371
2312
2278
2259
2232
2216
2218
2162
2092
2033
1975
1968
1971
1990
2018
2021
2025
2020
2014
1969
1930
1910
1905
1913
1972
2021
2073
2076
2083
2077
2078
2082
2089
2105
2132
2158
2165
2186
2190
2190
2203
2218
2272
2299
2314
2302
2276
2198
2140
2085
2051
2030
2012
2014
2024
2029
2025
2014
2016
2007
2000
2026
2040
2075
2128
2169
2212
2292
2333
2349
2348
2279
2208
2164
2083
2050
2040
2004
1996
1960
1915
1829
1768
1716
1693
1701
1742
1840
1924
2020
2099
2205
2274
2320
2384
2414
2463
2508
2535
2544
2530
2458
2397
2318
2236
2166
2115
2025
1964
1908
1858
1809
1775
1719
1660
1662
1703
1807
1911
2008
2107
2182
2270
2328
2388
2427
2436
2439
2429
2424
2423
2436
2442
2424
2395
2358
2307
2250
2183
2134
2060
1989
1933
1899
1867
1874
1867
1864
1851
1817
1782
1782
1814
1877
1942
1998
2043
2085
2094
2088
2089
2085
2081
2083
2102
2130
2121
2137
2149
2144
2126
2103
2087
2064
2077
2097
2117
2158
2211
2252
2340
2388
2392
2325
2290
2231
2190
2124
2111
2117
2098
2138
2175
2204
2219
1723
1715
1740
1650
1684
1703
1469
1800
1787
1635
1484
1461
1479
1536
1459
1236
1464
1273
1409
1451
1507
1390
1343
1439
1402
1726
1601
1806
1737
1669
1755
1958
2086
1873
2013
1826
1723
1913
2212
2390
2364
2303
2277
2245
2216
2210
2222
2233
2262
2254
2250
2242
2229
2240
2252
2278
2311
2342
2401
2418
2441
2438
2417
2381
2359
2341
2318
2328
2324
2296
2308
2273
2258
2260
2250
2223
2242
2228
2220
2209
2213
2207
2194
2190
2180
2156
2146
2120
2152
2162
2175
2215
2236
2230
2244
2230
2252
2291
2333
2359
2386
2386
2372
2342
2312
2291
2243
2207
2160
2149
2136
2140
2119
2078
2035
2013
2010
2017
2030
2033
2019
1977
1978
1943
1938
1939
1939
1955
1993
2024
2057
2125
2156
2209
2302
2374
2412
2432
2387
2322
2271
2187
2126
2079
2044
2032
2042
2069
2104
2087
2060
2029
2023
2042
2101
2158
2222
2272
2333
2372
2413
2476
2496
2505
2520
2533
2534
2503
2465
2410
2358
2315
2281
2271
2211
2189
2162
2136
2122
2092
2091
2094
2090
2094
2096
2105
2097
2096
2123
2154
2175
2190
2202
2194
2190
2193
2189
2148
2135
2129
2126
2087
2078
2075
2064
2051
2035
1993
1957
1943
1920
1920
1913
1911
1923
1941
1951
2006
2015
2043
2047
2045
2047
2049
2035
2021
1985
1951
1950
1969
2032
2085
2109
2129
2128
2128
2139
2130
2134
2140
2151
2179
2209
2244
2267
2294
2310
2303
2288
2240
2179
2133
2110
2102
2111
2126
2122
2148
2159
2179
2193
2195
2202
2202
2255
2308
2359
2403
2408
2394
2350
2327
2286
2243
2165
2126
2094
2088
2101
2085
2075
2047
2013
1976
1949
1969
1988
2030
2085
2115
2134
2168
2207
2255
2273
2296
2302
2287
2283
2276
2262
2248
2221
2174
2130
2092
2066
2061
2069
2066
2022
1980
1958
1932
1945
1959
1960
1965
1977
2013
2067
2114
2143
2129
2124
2129
2126
2132
2130
2146
2168
2198
2203
2203
2193
2151
2083
2001
1940
1903
1889
1918
1926
1962
2007
2016
2028
2029
2020
2003
2001
2032
2079
2148
2191
2235
2246
2216
2182
2123
2064
2046
2029
2045
2079
2133
2195
2219
2256
2248
2219
2175
2133
2098
2095
2119
2155
2168
2164
2103
2001
1931
1882
1863
1483
1236
1478
1289
1445
1580
1834
1676
1611
1798
1478
1753
1473
1782
1920
1940
1954
1773
1737
1672
1608
1921
1830
1674
1467
1537
1713
1713
1544
1458
1369
1503
1300
1515
1799
1539
1656
1759
1660
2262
2308
2346
2387
2406
2414
2402
2377
2352
2310
2276
2248
2204
2168
2161
2174
2179
2218
2234
2252
2251
2242
2234
2243
2264
2276
2311
2353
2379
2413
2468
2482
2492
2487
2472
2451
2435
2424
2400
2385
2346
2308
2281
2265
2239
2203
2158
2120
2091
2062
2053
2051
2050
2062
2077
2098
2115
2133
2113
2122
2134
2147
2168
2211
2232
2242
2214
2184
2166
2185
2196
2217
2238
2268
2267
2261
2267
2243
2218
2173
2150
2146
2159
2203
2257
2289
2279
2222
2152
2070
2021
1989
1970
1986
2003
2018
2064
2095
2147
2187
2188
2187
2190
2216
2245
2274
2295
2274
2234
2175
2148
2131
2123
2115
2099
2087
2082
2062
2038
1986
1930
1870
1844
1860
1912
1962
2046
2100
2139
2156
2174
2186
2217
2238
2256
2269
2266
2249
2234
2198
2180
2160
2120
2090
2059
2036
2014
2023
2029
2009
1970
1944
1901
1913
1922
1966
2037
2090
2143
2175
2191
2175
2155
2119
2084
2088
2111
2128
2167
2188
2200
2223
2232
2233
2217
2179
2124
2087
2049
2005
1966
1964
1974
1991
2014
2048
2075
2110
2138
2106
2080
2049
2029
2060
2116
2169
2195
2203
2198
2213
2220
2241
2260
2251
2242
2212
2218
2241
2264
2285
2270
2245
2230
2235
2254
2314
2303
2268
2224
2120
2070
2046
2005
1981
1966
1980
2015
2073
2131
2150
2137
2128
2104
2136
2175
2226
2265
2288
2293
2315
2290
2286
2250
2200
2163
2087
2058
2032
1998
1983
1957
1926
1928
1926
1945
2006
2045
2078
2121
2138
2160
2178
2185
2197
2190
2190
2189
2183
2171
2187
2212
2221
2206
2179
2136
2070
2032
1998
1971
1962
1951
1972
2005
2033
2088
2127
2150
2163
2166
2172
2195
2215
2237
2242
2248
2267
2292
2301
2310
2281
2229
2172
2098
2072
2071
2049
2019
1997
1980
1965
1979
1955
1925
1893
1870
1892
1943
2002
2078
2104
2104
2087
2085
2114
2139
2198
2233
2230
2204
2156
2108
2065
2060
2063
2083
2125
2153
2175
2230
2247
2238
2203
2162
2136
2135
1592
1468
1598
1695
1497
1347
1227
1237
1277
1444
1234
1349
1252
1341
1379
1591
1260
1249
1484
1380
1627
1505
1441
1723
1722
1659
1891
1575
1718
1580
1420
1741
1766
1567
1533
1472
1408
1318
1466
2071
2079
2079
2086
2146
2234
2313
2420
2482
2498
2498
2471
2441
2409
2367
2373
2393
2417
2458
2489
2498
2483
2465
2435
2379
2345
2321
2257
2243
2258
2271
2297
2300
2284
2245
2227
2225
2228
2254
2281
2310
2308
2321
2349
2390
2415
2405
2363
2332
2301
2293
2297
2314
2316
2303
2283
2232
2195
2157
2125
2125
2111
2123
2128
2182
2205
2204
2196
2165
2154
2160
2174
2217
2303
2343
2356
2352
2303
2271
2251
2254
2265
2272
2289
2296
2309
2311
2271
2225
2205
2213
2232
2282
2333
2347
2346
2286
2204
2159
2128
2144
2134
2164
2173
2164
2191
2207
2210
2241
2262
2309
2346
2371
2385
2382
2352
2326
2315
2321
2340
2328
2320
2273
2189
2118
2054
1968
1930
1894
1891
1912
1930
1928
1950
1973
2013
2078
2116
2148
2148
2127
2113
2121
2118
2116
2120
2113
2111
2099
2096
2100
2092
2069
2045
2050
2049
2068
2085
2106
2128
2149
2161
2175
2214
2236
2246
2251
2243
2224
2214
2206
2200
2185
2174
2155
2152
2145
2130
2110
2083
2047
2016
2002
1980
1966
1942
1894
1894
1916
1967
2025
2070
2118
2152
2172
2179
2193
2183
2174
2147
2145
2175
2179
2217
2262
2278
2258
2229
2169
2096
2074
2069
2077
2107
2139
2181
2238
2253
2247
2237
2241
2269
2281
2295
2315
2311
2246
2187
2094
1993
1935
1907
1934
1974
1978
1995
1957
1934
1911
1923
1948
1985
2053
2115
2181
2236
2298
2328
2327
2345
2344
2348
2327
2281
2217
2133
2026
1962
1931
1929
1966
1995
1999
1986
1960
1937
1933
1946
1980
2029
2081
2151
2259
2316
2354
2371
2379
2355
2336
2308
2307
2302
2320
2330
2330
2352
2368
2373
2355
2313
2275
2224
2186
2174
2185
2164
2151
2154
2153
2170
2186
2209
2233
2221
2222
2203
2179
2120
2073
2000
1942
1927
1924
1949
1989
2014
2027
2016
1995
1955
1923
1920
1916
1930
1958
1997
2024
2047
2069
2088
2092
2096
2125
2137
2157
2212
2234
2229
2207
2123
2036
2003
1973
1977
2024
1691
1615
1567
1420
1537
1766
1521
1410
1532
1677
1456
1661
1338
1749
1414
1472
1495
1567
1637
1612
1842
1682
1639
1852
1585
1708
1782
1824
1841
1897
1870
1865
1867
1903
1821
1822
1688
1884
1663
2223
2280
2257
2256
2226
2193
2153
2119
2087
2087
2100
2094
2119
2170
2255
2294
2336
2359
2343
2329
2303
2268
2266
2271
2291
2311
2312
2322
2326
2329
2312
2331
2338
2348
2336
2320
2286
2272
2251
2261
2280
2295
2296
2291
2282
2260
2228
2186
2150
2140
2115
2109
2110
2101
2075
2072
2045
2043
2038
2023
1994
1951
1920
1897
1890
1899
1900
1940
1972
2005
2054
2105
2125
2127
2126
2133
2140
2155
2151
2147
2134
2135
2165
2221
2280
2282
2242
2175
2129
2101
2087
2112
2131
2151
2209
2238
2292
2367
2400
2455
2512
2529
2511
2484
2409
2330
2252
2140
2089
2054
2050
2059
2080
2112
2141
2142
2160
2175
2205
2246
2303
2365
2402
2435
2460
2472
2486
2456
2432
2389
2309
2263
2210
2148
2067
2020
1975
1944
1939
1942
1926
1905
1889
1884
1907
1958
2008
2079
2126
2156
2210
2241
2281
2291
2287
2261
2232
2175
2137
2100
2077
2059
2049
2040
2062
2101
2133
2167
2173
2157
2152
2145
2130
2124
2114
2125
2150
2187
2202
2211
2216
2208
2181
2128
2066
2006
1978
1940
1933
1925
1926
1924
1926
1941
1955
1961
2003
2012
2023
2026
2053
2068
2101
2148
2183
2196
2210
2244
2264
2272
2260
2259
2259
2278
2295
2292
2277
2200
2113
2057
2009
2005
2023
2066
2085
2074
2101
2095
2100
2108
2128
2169
2214
2250
2267
2242
2180
2154
2145
2134
2154
2185
2183
2180
2156
2115
2068
2072
2086
2116
2182
2230
2266
2281
2279
2244
2184
2156
2135
2139
2135
2129
2111
2059
2010
1956
1891
1847
1846
1860
1874
1884
1868
1863
1861
1882
1925
1991
2033
2071
2085
2093
2114
2135
2144
2152
2191
2232
2280
2321
2322
2326
2323
2312
2297
2281
2249
2234
2198
2131
2111
2104
2133
2137
2136
2117
2102
2117
2163
2242
2270
2283
2276
2227
2175
2130
2049
2014
2008
1988
1995
2001
2002
2012
2008
1994
1989
1985
1997
2004
2023
2029
2059
2099
2126
2167
2197
2203
2207
2221
2215
2194
2185
2183
2205
2259
1846
1690
1602
1743
1825
1597
1564
1623
1669
1645
1760
1543
1373
1680
1605
1611
1661
1778
1750
1713
1632
1838
1911
1766
1841
1693
1757
1703
1685
1756
1633
1823
1767
1663
1666
1726
1697
1935
2309
2328
2284
2256
2267
2285
2328
2354
2387
2393
2394
2390
2307
2230
2150
2054
2023
1994
1972
1976
2000
2033
2079
2114
2129
2171
2188
2172
2163
2162
2191
2171
2187
2213
2172
2233
2288
2303
2352
2367
2423
2347
2253
2194
2248
2345
2408
2404
2384
2347
2294
2216
2253
2258
2219
2137
2089
2139
2214
2255
2297
2328
2284
2165
2038
1997
2079
2126
2139
2100
2028
2002
2047
2113
2172
2186
2171
2110
2055
2094
2158
2256
2303
2334
2284
2217
2215
2197
2189
2183
2195
2213
2233
2261
2284
2274
2245
2205
2151
2128
2094
2146
2212
2251
2280
2252
2203
2170
2162
2194
2232
2253
2261
2264
2231
2224
2204
2205
2161
2109
2080
2101
2121
2143
2165
2187
2196
2250
2333
2382
2403
2363
2294
2240
2169
2153
2159
2164
2164
2141
2082
2029
1993
1963
1903
1833
1766
1754
1773
1830
1907
1942
1935
1907
1901
1906
1929
1951
1945
1915
1920
1957
2030
2099
2165
2203
2226
2227
2268
2301
2322
2337
2355
2377
2428
2458
2491
2518
2503
2481
2458
2405
2381
2349
2311
2270
2220
2174
2164
2159
2158
2138
2105
2064
2015
2016
2028
2050
2066
2083
2085
2089
2082
2069
2052
2022
1987
1964
1970
1993
2036
2085
2133
2181
2234
2279
2313
2363
2371
2363
2335
2293
2267
2244
2240
2225
2181
2110
2058
2023
2022
2050
2057
2064
2053
2073
2097
2179
2244
2283
2274
2250
2224
2205
2207
2209
2185
2110
2068
2030
2021
2040
2059
2050
2045
2057
2090
2161
2208
2220
2221
2212
2195
2153
2108
2084
2078
2077
2091
2106
2098
2065
2024
1989
1954
1944
1938
1971
1980
1976
1976
1969
1962
1938
1889
1876
1909
1962
2013
2049
2096
2099
2102
2111
2131
2139
2150
2173
2204
2262
2328
2361
2374
2362
2320
2286
2271
2297
2316
2347
2379
2408
2413
2415
2414
2384
2329
2267
2206
2182
2150
2135
2124
2113
2091
2052
2013
1995
1985
1991
1989
1981
1964
1934
1929
1925
1933
1955
1975
2009
2039
2061
2093
2093
2083
2075
1701
1579
1799
1597
1734
1806
2058
1775
1855
1860
1707
1968
1757
1708
1680
1630
1786
1844
1946
1884
2039
1950
1949
1993
1970
1948
1838
1818
1685
1679
1844
1830
1759
1868
1863
1900
1815
1951
2252
2339
2404
2453
2474
2477
2457
2408
2359
2276
2223
2174
2131
2134
2142
2152
2173
2179
2187
2200
2192
2175
2160
2119
2099
2072
2027
2034
2029
2023
2033
2016
2022
2018
2032
2072
2108
2145
2146
2178
2212
2232
2284
2303
2351
2403
2432
2469
2498
2511
2503
2498
2509
2500
2507
2502
2489
2476
2459
2420
2407
2368
2299
2251
2216
2163
2132
2105
2078
2054
2016
1996
1956
1939
1958
1990
1999
2013
1996
1962
1926
1881
1871
1875
1910
1978
2037
2117
2169
2210
2214
2203
2171
2141
2132
2156
2177
2211
2238
2248
2228
2205
2170
2153
2161
2182
2171
2174
2128
2105
2052
1997
1932
1909
1920
1963
2022
2075
2086
2066
2034
2007
2024
2066
2122
2223
2246
2237
2172
2149
2110
2119
2137
2201
2246
2309
2349
2395
2391
2349
2316
2278
2266
2264
2272
2290
2284
2269
2221
2185
2165
2131
2122
2119
2123
2083
2036
2007
2018
2040
2070
2098
2049
1992
1954
1922
1921
1917
1969
2007
2072
2144
2196
2235
2269
2282
2292
2302
2339
2385
2421
2432
2446
2439
2427
2442
2447
2455
2447
2422
2407
2313
2227
2168
2111
2045
2028
2003
1989
1955
1897
1852
1817
1781
1764
1744
1743
1770
1794
1829
1852
1837
1843
1855
1888
1972
2029
2074
2125
2155
2171
2158
2127
2087
2036
2000
1998
2001
2042
2044
2076
2111
2127
2138
2126
2105
2080
2061
2063
2060
2035
1990
1960
1927
1921
1909
1903
1926
1959
1997
2027
2043
2056
2092
2158
2232
2302
2369
2442
2460
2450
2421
2390
2373
2330
2303
2296
2297
2309
2341
2331
2301
2255
2221
2206
2181
2160
2161
2142
2132
2116
2108
2108
2062
2012
1967
1937
1926
1937
1976
1968
1981
1953
1915
1863
1814
1814
1806
1841
1874
1910
1965
2018
2065
2088
2100
2121
2172
2226
2280
2363
2456
2482
2497
2496
2495
2500
2486
2467
2436
2388
2316
2279
2233
2196
2170
2156
2107
2066
2036
1984
1883
1828
1758
1716
1707
1711
1755
1794
1825
1837
1848
1855
1854
1863
1885
1442
1430
1182
1241
1249
1540
1634
1442
1645
1517
1439
1644
1507
1760
1748
1792
1766
1946
1902
1854
1875
1991
1874
1737
1880
1814
2045
1717
1520
1401
1353
1497
1603
1490
1783
1623
1942
1813
2183
2376
2427
2483
2524
2529
2512
2478
2446
2401
2381
2384
2394
2426
2444
2463
2496
2485
2464
2417
2361
2303
2278
2253
2233
2225
2212
2193
2188
2177
2175
2172
2173
2149
2114
2069
2008
1975
1949
1890
1864
1840
1842
1858
1906
1917
1967
2009
2050
2055
2074
2066
2095
2125
2161
2210
2290
2353
2412
2481
2528
2559
2573
2596
2614
2627
2633
2630
2567
2460
2369
2268
2179
2106
2050
1991
1926
1879
1835
1836
1854
1871
1880
1885
1872
1880
1911
1935
1964
1959
1945
1964
2002
2039
2075
2114
2164
2190
2196
2180
2145
2111
2054
2037
2044
2062
2120
2190
2247
2268
2267
2242
2208
2205
2234
2275
2324
2336
2327
2270
2229
2180
2136
2127
2142
2172
2259
2309
2354
2352
2301
2245
2186
2174
2207
2249
2334
2369
2383
2394
2385
2400
2423
2417
2408
2384
2353
2328
2288
2236
2180
2113
2097
2097
2109
2125
2094
2034
1981
1942
1936
1925
1964
1989
2020
2061
2073
2090
2090
2095
2089
2050
1993
1940
1917
1897
1888
1906
1929
1927
1934
1962
1987
1999
2043
2110
2164
2228
2289
2349
2387
2421
2425
2448
2453
2446
2429
2390
2326
2252
2191
2129
2043
1990
1938
1893
1883
1883
1870
1847
1834
1812
1812
1847
1886
1928
1973
2004
2047
2066
2078
2095
2115
2130
2157
2202
2233
2258
2327
2375
2405
2404
2390
2362
2327
2322
2358
2395
2419
2419
2369
2303
2211
2148
2152
2211
2260
2324
2355
2364
2332
2274
2187
2111
2049
2004
2007
2062
2137
2158
2153
2136
2087
2069
2076
2133
2180
2226
2275
2283
2270
2237
2201
2169
2146
2129
2118
2125
2127
2120
2109
2079
2072
2052
2039
2033
2003
1968
1933
1899
1880
1857
1873
1859
1885
1901
1892
1879
1854
1855
1854
1886
1917
1940
1961
1966
1973
1964
1959
1972
1960
1957
1940
1907
1888
1886
1904
1994
2138
2249
2365
2474
2530
2537
2528
2509
2490
2478
2446
2441
2436
2432
2432
2420
2395
2314
2247
2186
2133
2083
2026
1961
1922
1869
1857
1874
1450
1136
1427
1339
1287
1371
1408
1293
1695
1356
1504
1366
1715
1482
1841
1860
1828
1793
1510
1630
1596
1598
1675
1611
1776
1644
1418
1778
1545
1652
1604
1512
1844
1598
1885
1855
1611
1451
1977
2137
2165
2222
2322
2393
2430
2378
2310
2269
2265
2316
2389
2462
2553
2589
2608
2586
2559
2520
2476
2468
2474
2461
2466
2443
2418
2339
2268
2205
2197
2191
2192
2175
2154
2098
2057
2000
1987
1996
1988
1996
1996
1987
1974
1981
1997
2030
2059
2089
2101
2104
2091
2060
2049
2045
2067
2075
2095
2114
2155
2191
2248
2317
2380
2451
2516
2566
2586
2569
2534
2517
2489
2504
2544
2600
2637
2646
2609
2544
2422
2308
2205
2088
2029
2002
2003
2036
2062
2053
2057
2048
2050
2059
2077
2096
2113
2117
2122
2129
2139
2138
2147
2168
2199
2213
2237
2255
2249
2242
2198
2141
2113
2111
2135
2173
2214
2206
2162
2132
2081
2052
2037
2050
2053
2054
2065
2079
2077
2082
2042
2019
2011
2024
2074
2138
2227
2274
2315
2340
2336
2345
2357
2359
2370
2374
2367
2343
2318
2273
2260
2252
2236
2209
2213
2179
2171
2203
2212
2194
2165
2117
2074
2023
1987
1974
1935
1923
1895
1906
1910
1923
1932
1925
1902
1894
1872
1855
1848
1855
1848
1843
1831
1848
1862
1895
1938
1989
2014
2046
2054
2061
2089
2140
2222
2282
2361
2436
2494
2540
2547
2535
2529
2525
2535
2569
2600
2601
2573
2500
2416
2349
2282
2226
2174
2106
2052
2022
1990
1936
1914
1874
1831
1831
1880
1951
2025
2060
2061
2091
2109
2139
2185
2204
2151
2107
2064
2075
2083
2092
2084
2088
2116
2144
2189
2254
2303
2295
2242
2166
2108
2049
2002
2016
2055
2096
2156
2175
2169
2151
2133
2103
2053
2032
2030
2047
2124
2154
2155
2120
2056
2003
1922
1930
1940
1992
2037
2091
2128
2157
2168
2172
2172
2182
2186
2189
2189
2196
2179
2152
2131
2086
2046
2019
2008
2015
2021
2022
2025
2034
2039
2054
2057
2068
2071
2086
2087
2102
2104
2131
2134
2118
2070
2012
2009
2016
2067
2146
2217
2229
2218
2189
2165
2185
2222
2315
2421
2538
2648
2750
2789
2802
2718
2659
2591
2529
2527
2554
2589
2584
2550
2474
2337
2238
2113
1978
1337
1279
989
1253
1155
1020
929
852
1227
1091
1400
1224
1120
1156
1233
1216
1354
1163
1233
1228
1161
1057
1519
1492
1756
1614
1410
1548
1492
1462
1567
1507
1476
1726
1794
1599
1832
1625
1961
2290
2300
2290
2260
2217
2185
2184
2153
2128
2100
2082
2114
2185
2311
2386
2391
2306
2253
2208
2178
2202
2240
2257
2268
2295
2320
2418
2480
2504
2496
2500
2484
2491
2507
2514
2502
2470
2430
2406
2376
2354
2325
2279
2237
2187
2190
2215
2243
2245
2242
2224
2217
2225
2235
2242
2261
2270
2266
2247
2231
2202
2181
2180
2210
2213
2197
2203
2172
2135
2104
2078
2105
2149
2226
2299
2380
2442
2491
2506
2501
2506
2516
2538
2554
2573
2573
2526
2508
2433
2348
2283
2209
2147
2088
2072
2034
1991
1948
1916
1872
1862
1866
1886
1909
1957
1990
2031
2051
2047
2029
2000
1981
1961
1959
1976
2021
2050
2052
2032
1999
1947
1923
1934
1969
1981
2006
2023
2050
2080
2146
2205
2240
2282
2280
2268
2274
2269
2264
2243
2223
2206
2206
2237
2269
2317
2328
2276
2217
2203
2199
2233
2291
2341
2338
2352
2316
2286
2279
2279
2263
2285
2279
2316
2328
2347
2356
2339
2316
2302
2277
2251
2232
2175
2123
2090
2056
2038
2054
2060
2085
2113
2137
2152
2158
2124
2093
2033
2012
1988
1960
1926
1918
1889
1899
1896
1887
1855
1829
1821
1844
1884
1949
2050
2121
2165
2240
2292
2327
2346
2352
2360
2374
2427
2451
2451
2406
2360
2292
2227
2144
2103
2066
2037
2046
2042
2031
1997
1975
1953
1903
1863
1845
1844
1881
1950
2033
2098
2138
2125
2114
2081
2057
2037
2029
2023
2048
2093
2110
2090
2091
2071
2048
2036
2028
2040
2059
2063
2067
2066
2087
2105
2124
2140
2107
2073
2058
2059
2061
2073
2082
2082
2115
2145
2181
2245
2278
2287
2250
2200
2192
2173
2210
2303
2354
2402
2454
2462
2468
2441
2412
2375
2359
2337
2335
2333
2353
2335
2314
2272
2228
2208
2184
2137
2093
2038
1971
1932
1909
1932
1922
1902
1883
1861
1878
1876
1901
1915
1928
1964
1990
2027
2048
2068
2054
2044
2029
2015
1986
1981
2012
2060
2151
2211
2298
2360
2434
2475
2490
2500
2487
2491
2481
2487
2500
2496
1971
1929
1885
1708
1808
1541
1223
1367
1113
1408
1037
1193
1193
1109
896
1159
1232
1109
1243
1287
1436
1371
1609
1475
1688
1511
1630
1702
1720
1761
1997
1832
1982
1774
1853
1774
1684
1603
1843
2286
2369
2380
2388
2357
2320
2301
2339
2401
2444
2478
2479
2453
2434
2408
2423
2416
2400
2405
2437
2509
2545
2566
2546
2457
2383
2316
2270
2276
2293
2332
2371
2416
2448
2462
2444
2420
2386
2364
2359
2386
2414
2410
2391
2343
2297
2248
2169
2094
2023
1933
1890
1867
1885
1891
1880
1855
1857
1859
1871
1891
1900
1904
1931
1970
2002
2027
2008
1990
1986
2035
2066
2105
2140
2141
2122
2119
2102
2116
2129
2159
2204
2272
2381
2438
2449
2433
2380
2359
2365
2397
2463
2498
2493
2432
2350
2252
2123
2039
1942
1829
1768
1760
1792
1853
1906
1943
1951
1972
1996
2029
2057
2085
2102
2111
2113
2107
2110
2095
2087
2106
2122
2143
2142
2141
2136
2133
2141
2169
2207
2288
2325
2367
2397
2396
2429
2428
2418
2392
2337
2258
2231
2210

