1922
1920
1974
2022
2061
2116
2154
2181
2226
2252
2286
2342
2372
2418
2470
2507
2543
2574
2623
2654
2668
2682
2677
2679
2680
2678
2668
2655
2640
2630
2614
2602
2589
2573
2545
2509
2483
2441
2374
2315
2256
2188
2144
2110
2070
2037
2005
1968
1927
1888
1845
1792
1747
1703
1648
1611
1585
1558
1536
1515
1519
1527
1532
1542
1553
1567
1580
1588
1599
1611
1619
1647
1663
1688
1731
1774
1832
1914
1968
2021
2063
2106
2145
2167
2224
2256
2292
2339
2377
2412
2454
2509
2550
2583
2623
2646
2682
2703
2715
2724
2725
2721
2709
2704
2689
2681
2661
2639
2629
2616
2594
2553
2517
2482
2418
2356
2302
2227
2183
2155
2121
2085
2052
2008
1953
1924
1883
1830
1785
1746
1707
1655
1618
1595
1561
1538
1536
1517
1509
1501
1502
1500
1506
1516
1561
1587
1599
1631
1644
1662
1709
1755
1814
1866
1944
1992
2034
2079
2116
2148
2183
2218
2251
2273
2329
2368
2407
2465
2510
2549
2582
2604
2622
2646
2653
2660
2666
2666
2659
2652
2644
2644
2645
2633
2616
2601
2582
2553
2523
2485
2419
2360
2296
2246
2186
2149
2105
2073
2040
2003
1969
1946
1908
1853
1801
1756
1716
1649
1619
1586
1540
1512
1494
1480
1481
1481
1502
1527
1536
1542
1554
1576
1580
1588
1606
1640
1663
1716
1759
1811
1892
1950
1991
2043
2072
2105
2130
2169
2206
2251
2303
2342
2395
2456
2499
2532
2559
2601
2630
2652
2670
2687
2698
2696
2698
2694
2675
2660
2652
2641
2623
2601
2587
2550
2524
2486
2429
2373
2318
2270
2211
2173
2134
2080
2039
1991
1953
1916
1878
1838
1788
1744
1706
1657
1622
1597
1573
1554
1537
1531
1526
1521
1514
1515
1523
1523
1530
1559
1574
1594
1624
1655
1676
1720
1750
1794
1881
1941
1990
2039
2088
2118
2154
2193
2218
2249
2288
2325
2367
2410
2474
2522
2564
2618
2646
2661
2679
2698
2699
2697
2687
2667
2651
2632
2624
2618
2601
2586
2569
2546
2524
2502
2466
2408
2351
2284
2208
2169
2122
2075
2036
2001
1968
1939
1907
1868
1813
1777
1730
1676
1621
1581
1553
1503
1487
1462
1469
1476
1483
1494
1507
1525
1529
1551
1560
1573
1592
1609
1638
1673
1716
1764
1823
1910
1962
2003
2046
2080
2112
2164
2202
2237
2277
2331
2372
2425
2476
2513
2541
2581
2612
2619
2639
2651
2665
2669
2663
2658
2655
2653
2650
2645
2631
2612
2592
2580
2537
2519
2482
2418
2359
2287
2212
2163
2128
2103
2072
2041
2006
1958
1910
1876
1807
1758
1725
1684
1637
1602
1567
1528
1510
1487
1461
1450
1452
1469
1478
1472
1473
1492
1512
1527
1554
1565
1599
1645
1682
1718
1776
1858
1923
1974
2027
2061
2091
2134
2169
2192
2227
2268
2300
2350
2416
2461
2507
2540
2565
2593
2606
2622
2621
2620
2626
2618
2610
2610
2612
2610
2597
2584
2559
2547
2517
2484
2445
2378
2322
2255
2193
2129
2085
2061
2009
1970
1944
1897
1874
1845
1816
1742
1701
1663
1605
1566
1531
1491
1486
1460
1438
1444
1444
1442
1461
1476
1500
1513
1518
1532
1557
1590
1610
1633
1671
1706
1752
1825
1877
1934
1998
2029
2063
2113
2160
2192
2222
2261
2291
2340
2385
2426
2465
2492
2520
2552
2581
2598
2607
2600
2597
2593
2591
2580
2582
2571
2559
2541
2531
2524
2494
2478
2463
2424
2372
2320
2265
2188
2149
2113
2065
2022
1984
1945
1915
1876
1849
1801
1768
1730
1670
1626
1592
1548
1525
1505
1495
1482
1480
1481
1494
1500
1509
1532
1536
1555
1583
1601
1621
1640
1672
1699
1742
1811
1874
1935
1991
2042
2079
2110
2145
2177
2215
2266
2303
2346
2380
2430
2471
2515
2552
2579
2591
2607
2627
2635
2645
2644
2645
2644
2638
2622
2607
2590
2575
2565
2551
2540
2521
2498
2441
2386
2319
2252
2210
2171
2118
2096
2056
2019
1969
1933
1884
1841
1792
1752
1707
1670
1632
1599
1578
1561
1544
1543
1538
1542
1543
1545
1561
1559
1575
1581
1586
1603
1618
1637
1684
1717
1765
1817
1907
1962
2015
2076
2112
2150
2195
2224
2256
2285
2335
2365
2404
2470
2518
2568
2612
2639
2659
2681
2692
2690
2691
2684
2672
2661
2645
2643
2644
2632
2634
2614
2592
2568
2544
2513
2466
2413
2358
2282
2231
2194
2157
2114
2072
2038
2002
1972
1939
1885
1841
1798
1765
1710
1671
1637
1610
1593
1579
1563
1570
1576
1575
1591
1594
1591
1615
1631
1642
1652
1663
1677
1703
1742
1782
1832
1912
1968
2015
2069
2101
2124
2175
2214
2245
2289
2342
2378
2412
2461
2500
2539
2596
2635
2669
2686
2710
2721
2716
2717
2707
2707
2707
2705
2704
2694
2685
2664
2641
2611
2588
2559
2512
2471
2416
2348
2282
2226
2178
2131
2109
2087
2039
2009
1979
1944
1887
1839
1797
1745
1707
1674
1645
1629
1611
1592
1575
1566
1574
1586
1594
1605
1599
1607
1616
1631
1652
1659
1682
1726
1765
1807
1882
1936
1985
2051
2084
2118
2137
2167
2209
2246
2300
2334
2367
2420
2461
2509
2550
2590
2621
2656
2680
2698
2706
2708
2704
2692
2680
2673
2676
2669
2650
2642
2630
2611
2592
2566
2536
2494
2445
2385
2313
2261
2225
2181
2153
2105
2063
2007
1980
1942
1893
1850
1817
1758
1716
1680
1639
1615
1602
1588
1578
1560
1557
1571
1581
1595
1618
1626
1635
1651
1670
1688
1704
1734
1769
1804
1868
1920
1975
2027
2082
2120
2154
2190
2224
2252
2292
2322
2355
2397
2448
2483
2509
2552
2575
2608
2637
2644
2639
2647
2652
2645
2642
2640
2634
2639
2621
2602
2584
2568
2542
2510
2463
2410
2366
2311
2231
2173
2128
2076
2042
2012
1987
1945
1921
1896
1851
1807
1758
1704
1650
1627
1590
1549
1537
1518
1497
1485
1486
1498
1509
1520
1528
1545
1558
1585
1620
1636
1661
1702
1729
1766
1804
1880
1942
1990
2035
2073
2105
2157
2199
2232
2257
2292
2320
2356
2412
2458
2508
2564
2590
2624
2635
2665
2673
2667
2674
2670
2660
2654
2648
2642
2622
2619
2612
2593
2555
2528
2499
2467
2437
2375
2296
2250
2204
2173
2127
2105
2075
2030
1990
1958
1918
1883
1843
1810
1748
1707
1673
1633
1611
1598
1575
1566
1561
1564
1573
1575
1588
1595
1595
1621
1648
1670
1688
1704
1740
1774
1815
1885
1941
2007
2059
2095
2115
2137
2168
2193
2229
2275
2323
2366
2417
2471
2510
2559
2581
2603
2621
2646
2664
2677
2683
2687
2680
2669
2673
2660
2663
2651
2636
2611
2578
2554
2537
2502
2457
2402
2344
2260
2206
2154
2109
2076
2038
1984
1970
1944
1922
1878
1826
1771
1711
1673
1637
1606
1586
1569
1552
1536
1526
1531
1537
1553
1560
1577
1596
1608
1623
1652
1679
1690
1709
1726
1767
1832
1887
1948
2000
2035
2078
2107
2150
2186
2215
2268
2295
2327
2372
2421
2477
2519
2566
2593
2615
2640
2657
2648
2657
2653
2648
2653
2657
2640
2630
2603
2584
2564
2542
2529
2513
2491
2448
2388
2328
2238
2180
2127
2078
2045
2016
1981
1941
1915
1887
1841
1805
1763
1717
1675
1626
1583
1552
1527
1507
1489
1495
1500
1507
1505
1503
1515
1530
1537
1559
1586
1599
1612
1638
1663
1700
1763
1818
1869
1932
1982
2021
2055
2104
2135
2162
2192
2231
2261
2300
2346
2393
2432
2487
2502
2520
2545
2567
2581
2574
2579
2581
2582
2573
2571
2564
2559
2537
2528
2518
2501
2479
2461
2426
2378
2315
2234
2179
2131
2094
2055
2020
1992
1944
1907
1874
1845
1810
1782
1706
1655
1609
1566
1523
1493
1472
1447
1434
1426
1430
1441
1446
1450
1481
1508
1536
1560
1574
1591
1611
1635
1667
1707
1784
1836
1898
1973
2009
2052
2093
2131
2153
2175
2203
2231
2268
2321
2366
2410
2466
2502
2529
2559
2582
2595
2605
2615
2632
2629
2635
2630
2622
2612
2594
2578
2559
2528
2512
2492
2454
2412
2365
2293
2235
2191
2136
2091
2055
2017
1978
1948
1920
1877
1833
1803
1755
1695
1655
1624
1581
1551
1523
1507
1501
1493
1485
1481
1494
1515
1525
1532
1561
1580
1609
1616
1642
1688
1717
1760
1844
1901
1961
2039
2071
2103
2127
2154
2181
2205
2249
2277
2312
2378
2424
2466
2507
2559
2588
2611
2641
2649
2658
2654
2659
2658
2654
2641
2641
2625
2604
2597
2584
2566
2551
2536
2506
2487
2453
2409
2347
2287
2252
2214
2178
2137
2085
2053
2017
1979
1921
1883
1855
1793
1757
1712
1665
1631
1611
1593
1578
1563
1553
1551
1572
1579
1592
1602
1616
1620
1644
1661
1679
1712
1748
1778
1834
1871
1915
1977
2052
2090
2119
2150
2182
2212
2253
2282
2303
2356
2400
2443
2489
2551
2588
2608
2644
2667
2672
2682
2685
2685
2673
2672
2669
2654
2646
2632
2615
2602
2582
2557
2542
2512
2488
2425
2345
2280
2230
2179
2149
2123
2095
2035
1998
1979
1941
1909
1869
1816
1781
1740
1705
1669
1635
1606
1581
1567
1567
1565
1571
1581
1597
1615
1630
1637
1660
1672
1691
1705
1730
1756
1815
1863
1922
1986
2061
2101
2123
2161
2188
2233
2275
2291
2325
2363
2422
2465
2501
2550
2589
2625
2662
2672
2671
2674
2678
2683
2688
2694
2683
2684
2685
2682
2662
2645
2619
2594
2563
2526
2490
2449
2376
2317
2265
2224
2174
2135
2104
2065
2014
1975
1936
1917
1891
1859
1799
1760
1724
1679
1660
1640
1618
1597
1589
1587
1586
1584
1590
1603
1615
1627
1646
1667
1687
1719
1740
1760
1799
1853
1895
1950
2020
2056
2089
2137
2167
2199
2241
2280
2303
2338
2398
2433
2472
2540
2573
2607
2630
2648
2672
2687
2698
2695
2690
2682
2669
2651
2648
2651
2632
2617
2603
2579
2566
2536
2506
2455
2391
2313
2267
2215
2164
2136
2104
2058
2035
2003
1959
1936
1880
1833
1769
1731
1691
1647
1617
1583
1563
1553
1548
1544
1558
1554
1552
1563
1563
1561
1581
1596
1624
1633
1666
1691
1717
1775
1823
1879
1962
2021
2056
2102
2135
2164
2200
2241
2284
2316
2374
2411
2452
2497
2539
2577
2605
2636
2643
2659
2670
2673
2680
2684
2676
2663
2649
2648
2630
2605
2588
2575
2552
2523
2492
2457
2401
2331
2266
2214
2169
2149
2114
2078
2038
1999
1958
1910
1878
1829
1771
1729
1688
1646
1614
1582
1557
1523
1519
1523
1528
1508
1518
1539
1562
1581
1597
1608
1622
1635
1662
1681
1713
1763
1812
1872
1927
1998
2045
2082
2113
2140
2170
2228
2263
2297
2331
2365
2397
2440
2496
2532
2564
2593
2613
2627
2643
2647
2644
2641
2629
2635
2627
2630
2616
2607
2568
2551
2539
2512
2491
2459
2410
2337
2281
2227
2167
2132
2106
2070
2022
1981
1947
1908
1876
1828
1773
1730
1675
1643
1599
1577
1550
1518
1490
1474
1477
1491
1498
1506
1518
1519
1531
1560
1576
1603
1626
1648
1670
1685
1731
1781
1843
1931
1984
2033
2075
2100
2123
2163
2191
2218
2250
2303
2354
2408
2467
2499
2539
2580
2605
2632
2652
2662
2657
2661
2656
2651
2648
2635
2617
2600
2590
2559
2540
2518
2491
2465
2427
2346
2287
2224
2177
2145
2108
2074
2027
1995
1964
1915
1876
1843
1802
1744
1703
1668
1626
1606
1589
1569
1551
1549
1539
1525
1524
1517
1522
1536
1542
1574
1590
1617
1647
1663
1680
1709
1741
1784
1841
1928
1977
2012
2068
2092
2129
2155
2192
2227
2262
2312
2350
2395
2461
2493
2534
2563
2609
2632
2647
2653
2648
2653
2648
2644
2633
2615
2604
2592
2580
2551
2537
2518
2494
2475
2439
2384
2299
2243
2194
2145
2113
2082
2031
1993
1955
1924
1892
1858
1823
1769
1724
1686
1628
1592
1567
1525
1501
1482
1460
1459
1467
1466
1484
1499
1515
1533
1561
1573
1595
1634
1672
1687
1714
1740
1792
1884
1943
1994
2027
2074
2105
2135
2172
2203
2235
2285
2331
2361
2403
2456
2496
2536
2577
2586
2604
2617
2627
2637
2631
2625
2617
2622
2620
2618
2603
2576
2571
2548
2521
2484
2445
2398
2324
2261
2200
2140
2098
2070
2021
1987
1944
1905
1857
1836
1799
1750
1695
1649
1587
1554
1526
1507
1491
1487
1488
1490
1485
1491
1479
1488
1510
1526
1540
1564
1577
1612
1636
1663
1700
1750
1802
1862
1936
1974
2015
2054
2080
2110
2148
2172
2208
2236
2298
2347
2385
2452
2490
2519
2568
2587
2598
2610
2622
2623
2627
2623
2608
2602
2604
2595
2576
2553
2535
2511
2496
2480
2445
2405
2343
2285
2219
2154
2111
2081
2055
2012
1980
1954
1925
1890
1850
1810
1765
1718
1669
1612
1579
1558
1518
1504
1515
1505
1506
1504
1508
1513
1531
1544
1550
1563
1574
1606
1629
1651
1671
1718
1765
1830
1913
1957
1999
2059
2077
2089
2127
2162
2191
2215
2262
2310
2360
2432
2472
2512
2544
2581
2611
2619
2632
2640
2641
2633
2628
2635
2646
2636
2632
2618
2594
2581
2557
2534
2498
2460
2402
2337
2290
2232
2174
2126
2090
2061
2024
1981
1936
1907
1873
1843
1783
1740
1698
1635
1590
1564
1533
1511
1499
1483
1481
1490
1500
1510
1519
1532
1558
1572
1599
1627
1644
1663
1682
1728
1775
1821
1906
1969
2020
2075
2104
2137
2174
2209
2252
2282
2328
2365
2403
2460
2519
2539
2559
2589
2625
2652
2667
2680
2688
2689
2676
2675
2671
2669
2654
2650
2626
2609
2591
2565
2541
2517
2469
2394
2342
2285
2240
2206
2167
2107
2067
2024
1998
1960
1927
1893
1832
1776
1730
1684
1646
1614
1589
1575
1556
1554
1550
1540
1536
1536
1548
1555
1581
1589
1597
1617
1647
1670
1691
1725
1766
1809
1875
1931
1980
2033
2085
2111
2155
2193
2227
2260
2306
2350
2389
2425
2496
2541
2587
2632
2651
2673
2693
2699
2700
2694
2690
2692
2692
2678
2649
2630
2608
2592
2578
2559
2544
2507
2463
2400
2356
2297
2228
2181
2141
2103
2058
2030
2003
1965
1920
1889
1834
1796
1750
1697
1663
1634
1610
1591
1577
1560
1551
1548
1545
1565
1560
1563
1579
1609
1633
1646
1671
1691
1704
1740
1766
1806
1868
1946
2002
2051
2113
2143
2172
2204
2231
2260
2288
2337
2390
2448
2514
2558
2595
2645
2659
2675
2690
2701
2708
2705
2705
2706
2693
2690
2689
2686
2675
2651
2635
2612
2572
2559
2523
2453
2396
2334
2263
2224
2204
2165
2108
2071
2028
1982
1960
1939
1882
1835
1788
1743
1684
1634
1611
1583
1561
1547
1536
1536
1536
1536
1559
1566
1574
1582
1586
1614
1645
1656
1678
1702
1745
1788
1837
1925
1977
2034
2082
2118
2156
2182
2229
2267
2291
2328
2369
2416
2474
2519
2559
2599
2641
2674
2688
2697
2694
2697
2687
2695
2702
2702
2688
2668
2657
2617
2600
2585
2564
2544
2517
2461
2405
2342
2277
2213
2171
2135
2101
2074
2041
1998
1940
1904
1861
1809
1751
1704
1645
1603
1577
1543
1519
1502
1490
1483
1488
1490
1505
1531
1543
1552
1565
1579
1595
1618
1642
1656
1684
1715
1766
1851
1916
1972
2014
2059
2086
2123
2156
2193
2237
2288
2324
2374
2426
2472
2520
2559
2605
2630
2641
2652
2668
2684
2681
2673
2667
2660
2654
2648
2630
2617
2617
2600
2572
2545
2516
2478
2412
2360
2300
2227
2189
2151
2106
2072
2040
2010
1969
1940
1896
1841
1795
1750
1704
1662
1636
1597
1571
1546
1531
1519
1529
1536
1543
1555
1551
1567
1586
1602
1618
1632
1653
1679
1721
1746
1797
1884
1948
2008
2059
2102
2126
2145
2195
2234
2259
2301
2334
2377
2422
2467
2505
2548
2596
2634
2663
2681
2687
2689
2687
2690
2683
2680
2666
2662
2649
2631
2610
2583
2559
2534
2512
2492
2452
2399
2347
2258
2208
2165
2116
2067
2027
1990
1940
1905
1861
1826
1788
1737
1683
1631
1598
1567
1531
1498
1478
1461
1453
1462
1470
1479
1478
1481
1501
1528
1541
1567
1587
1608
1652
1683
1728
1778
1850
1908
1969
2021
2054
2086
2137
2166
2192
2213
2266
2308
2359
2424
2477
2514
2559
2601
2618
2639
2652
2663
2668
2680
2659
2648
2640
2637
2636
2627
2630
2612
2599
2576
2545
2508
2451
2387
2321
2257
2179
2134
2100
2056
2023
1993
1949
1904
1865
1813
1780
1743
1701
1640
1599
1553
1508
1487
1484
1469
1467
1469
1466
1479
1485
1494
1493
1510
1526
1570
1596
1628
1640
1675
1705
1763
1850
1905
1958
2012
2048
2085
2116
2160
2189
2225
2271
2297
2334
2394
2448
2490
2528
2575
2597
2622
2639
2645
2647
2654
2651
2645
2649
2645
2632
2628
2610
2593
2581
2541
2524
2500
2455
2415
2366
2310
2230
2168
2128
2101
2060
2015
1965
1920
1886
1846
1792
1756
1725
1653
1615
1581
1542
1512
1487
1455
1441
1431
1436
1444
1452
1462
1485
1496
1518
1530
1560
1585
1612
1648
1671
1716
1804
1853
1911
1966
2027
2066
2090
2116
2156
2181
2233
2274
2320
2366
2435
2492
2530
2572
2602
2623
2649
2663
2662
2663
2670
2663
2664
2639
2632
2628
2617
2595
2568
2544
2515
2487
2458
2405
2353
2291
2215
2154
2108
2064
2028
1997
1962
1918
1887
1845
1797
1756
1720
1654
1603
1573
1533
1484
1458
1428
1429
1423
1430
1438
1457
1475
1484
1495
1496
1519
1564
1585
1594
1633
1666
1698
1736
1818
1883
1945
2020
2052
2089
2114
2152
2183
2220
2248
2287
2332
2394
2447
2485
2533
2559
2593
2627
2648
2656
2662
2656
2653
2653
2641
2634
2620
2614
2598
2580
2558
2526
2506
2480
2443
2391
2330
2254
2207
2167
2130
2080
2052
2012
1962
1930
1886
1853
1814
1763
1717
1661
1627
1587
1551
1527
1494
1477
1467
1463
1465
1483
1498
1501
1514
1537
1553
1579
1599
1627
1658
1682
1714
1765
1844
1914
1970
2042
2088
2121
2155
2188
2217
2259
2289
2322
2359
2414
2465
2509
2565
2595
2623
2654
2678
2684
2687
2691
2684
2677
2665
2664
2664
2643
2634
2613
2598
2578
2555
2531
2485
2445
2383
2322
2241
2191
2157
2104
2068
2026
1975
1950
1906
1879
1832
1794
1757
1704
1659
1619
1569
1542
1509
1492
1486
1494
1501
1506
1523
1526
1541
1551
1567
1593
1611
1627
1643
1681
1710
1752
1825
1904
1965
2029
2057
2089
2119
2153
2181
2213
2260
2301
2348
2414
2457
2495
2531
2587
2618
2650
2673
2677
2677
2674
2677
2681
2676
2677
2666
2664
2656
2650
2637
2632
2616
2582
2564
2513
2451
2405
2313
2258
2204
2150
2121
2094
2037
2001
1965
1936
1879
1841
1792
1729
1687
1650
1616
1584
1564
1544
1527
1525
1516
1514
1519
1524
1544
1550
1565
1577
1605
1637
1657
1688
1720
1760
1817
1883
1947
2002
2071
2107
2142
2199
2230
2270
2317
2353
2384
2418
2478
2522
2575
2620
2656
2672
2711
2728
2738
2750
2754
2746
2732
2718
2715
2717
2710
2694
2670
2639
2617
2589
2574
2534
2492
2433
2346
2293
2238
2182
2146
2100
2056
2013
1973
1937
1904
1870
1816
1765
1728
1687
1648
1604
1574
1543
1520
1514
1515
1507
1532
1540
1541
1554
1586
1607
1633
1642
1653
1678
1690
1718
1761
1829
1895
1953
2025
2073
2113
2156
2191
2208
2252
2291
2335
2356
2415
2466
2525
2582
2622
2661
2690
2708
2726
2733
2743
2745
2732
2731
2731
2718
2700
2678
2662
2653
2623
2592
2583
2534
2484
2425
2342
2277
2214
2169
2128
2099
2064
2017
1985
1960
1916
1873
1821
1765
1712
1671
1627
1587
1552
1533
1509
1509
1513
1500
1504
1507
1523
1530
1531
1537
1562
1588
1617
1640
1659
1701
1740
1812
1883
1943
2013
2048
2077
2124
2155
2199
2224
2268
2299
2333
2382
2416
2466
2533
2570
2605
2628
2650
2682
2704
2724
2713
2710
2708
2700
2689
2674
2654
2640
2619
2595
2571
2538
2515
2493
2436
2379
2301
2249
2194
2145
2113
2076
2017
1990
1956
1927
1892
1854
1808
1751
1690
1639
1591
1567
1546
1518
1493
1483
1485
1483
1485
1496
1504
1529
1550
1587
1601
1617
1642
1663
1694
1730
1782
1843
1914
1990
2039
2075
2113
2153
2182
2224
2261
2288
2315
2367
2411
2458
2503
2554
2597
2629
2664
2678
2695
2707
2700
2687
2695
2680
2672
2657
2637
2630
2617
2591
2569
2550
2533
2495
2444
2385
2308
2243
2200
2148
2104
2074
2038
1982
1955
1915
1871
1822
1779
1718
1682
1650
1593
1562
1528
1511
1504
1497
1487
1482
1480
1489
1494
1505
1511
1526
1557
1586
1619
1653
1668
1693
1754
1806
1869
1913
1990
2035
2062
2100
2130
2166
2220
2252
2279
2326
2387
2426
2469
2525
2569
2594
2629
2649
2668
2675
2684
2682
2679
2679
2676
2667
2656
2643
2633
2630
2607
2588
2572
2540
2491
2429
2338
2265
2210
2154
2117
2091
2058
2017
1973
1938
1897
1855
1817
1759
1712
1663
1619
1570
1539
1520
1492
1478
1486
1487
1488
1486
1502
1515
1518
1544
1572
1598
1614
1639
1654
1670
1713
1780
1843
1904
1984
2018
2050
2087
2117
2149
2183
2237
2276
2316
2379
2414
2455
2504
2536
2580
2616
2648
2658
2666
2672
2659
2653
2647
2644
2635
2628
2625
2616
2609
2584
2558
2544
2520
2488
2443
2361
2285
2214
2154
2097
2062
2025
1983
1947
1911
1867
1822
1786
1754
1684
1645
1613
1566
1532
1505
1460
1447
1423
1419
1427
1446
1453
1486
1492
1504
1530
1546
1573
1590
1623
1647
1671
1729
1794
1862
1950
1989
2021
2066
2117
2149
2169
2215
2250
2292
2355
2409
2447
2507
2553
2582
2613
2641
2651
2667
2676
2681
2678
2664
2655
2644
2644
2639
2634
2622
2610
2601
2585
2553
2526
2476
2407
2296
2233
2175
2121
2098
2072
2035
1997
1963
1935
1897
1858
1806
1728
1670
1627
1585
1549
1504
1478
1464
1451
1438
1428
1437
1446
1448
1451
1471
1503
1523
1539
1561
1596
1622
1659
1701
1749
1809
1888
1940
1992
2037
2074
2113
2148
2204
2248
2276
2333
2369
2413
2458
2523
2554
2580
2615
2651
2669
2686
2693
2682
2675
2675
2680
2662
2657
2637
2619
2585
2578
2567
2546
2513
2482
2438
2359
2293
2227
2171
2136
2108
2072
2029
1990
1962
1920
1875
1821
1752
1715
1668
1624
1567
1536
1519
1499
1489
1490
1502
1506
1501
1519
1532
1539
1557
1579
1606
1617
1638
1661
1682
1729
1773
1831
1893
1984
2034
2074
2126
2146
2172
2221
2253
2285
2317
2355
2400
2446
2503
2534
2576
2624
2642
2657
2681
2692
2693
2686
2680
2669
2661
2652
2649
2634
2617
2598
2582
2565
2543
2500
2459
2384
2318
2257
2210
2152
2123
2092
2058
2020
1993
1956
1923
1888
1836
1787
1743
1704
1650
1626
1594
1565
1551
1536
1536
1529
1529
1536
1552
1562
1578
1609
1623
1639
1673
1690
1731
1765
1823
1878
1938
2008
2067
2110
2154
2185
2217
2245
2289
2325
2364
2414
2441
2480
2536
2583
2632
2659
2702
2724
2744
2764
2772
2757
2747
2744
2729
2715
2678
2669
2659
2658
2637
2615
2582
2556
2526
2463
2393
2332
2272
2216
2175
2142
2099
2054
2019
1995
1962
1924
1878
1832
1786
1730
1671
1644
1619
1605
1584
1570
1553
1559
1567
1570
1581
1578
1593
1611
1617
1641
1659
1693
1716
1746
1794
1842
1907
2002
2052
2094
2129
2175
2209
2240
2282
2314
2354
2407
2449
2504
2544
2605
2647
2675
2713
2722
2743
2742
2737
2731
2729
2717
2709
2714
2712
2704
2697
2680
2660
2634
2601
2582
2550
2502
2400
2344
2284
2222
2189
2163
2121
2085
2051
2029
1991
1954
1917
1855
1810
1763
1717
1683
1653
1617
1587
1565
1549
1558
1552
1569
1578
1565
1581
1580
1597
1609
1617
1657
1687
1715
1751
1788
1849
1910
1985
2030
2070
2134
2168
2194
2247
2276
2308
2353
2392
2444
2493
2537
2588
2620
2659
2678
2705
2708
2709
2719
2730
2720
2725
2725
2719
2716
2696
2673
2648
2616
2587
2558
2525
2474
2407
2340
2297
2227
2182
2141
2106
2061
2027
1989
1951
1916
1868
1821
1778
1731
1685
1631
1597
1561
1542
1524
1521
1518
1524
1532
1553
1562
1569
1573
1591
1607
1627
1659
1681
1701
1742
1792
1848
1908
1982
2037
2079
2117
2159
2200
2255
2292
2310
2355
2409
2446
2482
2528
2570
2608
2650
2682
2698
2720
2734
2743
2744
2737
2724
2705
2686
2685
2672
2659
2642
2620
2598
2574
2545
2515
2462
2400
2331
2269
2204
2156
2123
2082
2039
2003