2098
2069
2077
2109
2164
2204
2225
2226
2204
2160
2090
1977
1906
1887
1941
2023
2107
2189
2250
2275
2274
2257
2222
2174
2091
2040
1969
1904
1833
1819
1815
1881
1944
1972
1989
1988
2011
2049
2058
2025
1977
1943
1934
1923
1892
1860
1868
1896
1966
2015
2016
1972
1933
1922
1900
1877
1836
1846
1897
1975
2042
2111
2178
2230
2284
2307
2327
2316
2303
2274
2240
2142
2076
2032
2008
2008
2010
2018
2006
2006
2004
2013
2033
2071
2127
2153
2140
2108
2048
1984
1960
2000
2077
2212
2376
2420
2384
2256
2150
2047
1960
1923
1936
2000
2098
2160
2183
2175
2154
2139
2111
2080
2032
2016
2027
2093
2146
2177
2163
2132
2099
2077
2040
2037
2107
2204
2257
2262
2217
2160
2113
2121
2128
2146
2194
2224
2246
2240
2215
2152
2070
2049
2042
2086
2138
2165
2190
2208
2193
2132
2001
1921
1903
1918
1993
2028
2053
2082
2114
2146
2159
2162
2170
2167
2179
2170
2135
2072
2043
2047
2005
1959
1896
1866
1899
1962
2029
2096
2130
2150
2139
2094
2023
1940
1901
1951
2019
2123
2211
2280
2320
2318
2290
2229
2149
2080
2027
1931
1853
1814
1876
1949
2046
2117
2165
2168
2152
2146
2133
2098
2060
2033
2027
2024
2020
2000
1959
1901
1880
1889
1898
1889
1863
1808
1764
1745
1750
1844
1943
2032
2105
2114
2092
2065
2068
2062
2021
1984
1933
1914
1895
1875
1862
1843
1859
1897
1956
1991
2013
2029
2068
2090
2162
2226
2332
2437
2494
2408
2314
2263
2338
2488
2420
2164
2027
2001
2089
2084
2144
2165
2254
2332
2360
2432
2440
2421
2347
2246
2123
2057
1951
1838
1739
1677
1689
1744
1826
1865
1780
1762
1824
1979
2185
2249
2253
2240
2219
2264
2290
2289
2251
2303
2355
2381
2380
2318
2268
2254
2212
2182
2169
2134
2124
2125
2141
2164
2195
2211
2182
2169
2190
2182
2228
2311
2364
2390
2357
2293
2220
2072
1955
1884
1846
1802
1819
1797
1796
1801
1814
1842
1852
1899
1972
2122
2219
2262
2269
2233
2179
2119
2087
2028
1936
1837
1771
1758
1765
1765
1708
1563
1472
1442
1481
1646
1835
2057
2360
2544
2672
2720
2700
2676
2665
2707
2730
2717
2650
2596
2544
2494
2467
2438
2400
2341
2341
2321
2324
2317
2332
2279
2169
2016
1802
1651
1593
1593
1612
1612
1596
1628
1643
1603
1500
1376
1301
1297
1358
1435
1562
1773
1928
2056
2162
2225
2316
2400
2521
2580
2599
2643
2664
2656
2621
2605
2616
2658
2714
2731
2731
2709
2677
2630
2521
2399
2238
2094
1960
1922
1911
1934
1952
1971
2034
2086
2130
2186
2224
2242
2260
2249
2220
2144
2028
1947
1869
1769
1725
1691
1698
1739
1754
1744
1676
1621
1592
1551
1564
1606
1697
1873
2027
2170
2295
2372
2461
2575
2635
2674
2678
2676
2661
2646
2612
2544
2473
2404
2360
2312
2286
2245
2224
2199
2147
2111
2082
2064
2053
2020
1999
1947
1899
1890
1919
1947
1952
1970
1979
2000
2004
1942
1873
1790
1732
1721
1766
1865
1956
2043
2167
2241
2294
2320
2325
2300
2279
2264
2243
2229
2258
2324
2407
2465
2484
2484
2480
2492
2484
2493
2522
2566
2607
2572
2470
2374
2282
2197
2177
2172
2156
2131
2122
2103
2088
2068
2042
1965
1881
1779
1649
1588
1593
1605
1663
1723
1753
1777
1793
1831
1882
1930
1982
2049
2076
2055
2028
2028
2060
2132
2247
2303
2336
2348
2303
2256
2208
2190
2180
2166
2128
2060
1962
1866
1840
1853
1905
2021
2126
2211
2300
2318
2268
2207
2167
2173
2194
2234
2257
2228
2118
1993
1849
1679
1622
1653
1739
1938
2082
2215
2346
2432
2447
2384
2278
2165
2065
1969
1939
1941
2012
2108
2204
2331
2397
2424
2406
2378
2356
2366
2353
2322
2267
2155
2086
2023
2000
2070
2224
2411
2587
2558
2439
2197
2032
1907
1842
1851
1894
1935
1949
1933
1909
1901
1944
2013
2116
2164
2201
2209
2204
2209
2174
2150
2140
2125
2097
2090
2110
2152
2194
2224
2247
2224
2193
2157
2033
1935
1907
1934
2041
2134
2168
2128
2068
1990
1914
1893
1897
1937
2042
2091
2122
2108
2064
2028
1982
1986
2000
1977
1947
1922
1884
1894
1926
1982
2032
2071
2078
2079
2061
2041
2040
2065
2091
2107
2115
2086
2085
2107
2144
2175
2184
2198
2163
2113
2020
1963
1918
1889
1900
1933
1974
2063
2116
2144
2164
2171
2158
2112
2093
2086
2089
2087
2041
2018
2022
2039
2082
2146
2186
2220
2200
2141
2085
2053
2061
2106
2173
2209
2220
2189
2165
2151
2163
2164
2152
2159
2159
2179
2137
2079
2011
1980
2002
2034
2100
2147
2180
2194
2197
2202
2202
2188
2184
2182
2194
2191
2206
2259
2315
2335
2303
2244
2164
2090
2043
2033
2030
2047
2080
2099
2153
2196
2211
2216
2212
2213
2204
2157
2115
2065
2005
1995
2014
2042
2065
2084
2107
2173
2192
2177
2102
2042
1980
1939
1933
1981
2022
2093
2150
2169
2144
2101
2077
2052
2034
1990
1956
1917
1889
1858
1823
1814
1851
1965
2062
2089
2095
2054
2032
2033
2025
2001
1982
1980
2017
2028
2032
2057
2090
2148
2228
2256
2234
2202
2190
2162
2119
2082
2070
2084
2140
2198
2254
2317
2347
2361
2321
2243
2200
2159
2122
2111
2111
2143
2181
2205
2213
2219
2216
2209
2173
2142
2114
2104
2117
2106
2075
2047
2055
2069
2075
2065
2058
2030
2027
2007
1966
1962
2004
2068
2162
2189
2187
2201
2210
2204
2117
2051
2003
2009
2064
2105
2151
2214
2267
2314
2303
2276
2233
2214
2195
2179
2169
2125
2079
2050
2029
1993
1981
1973
2052
2129
2192
2216
2172
2128
2060
2023
2029
2077
2140
2237
2303
2351
2326
2307
2264
2221
2162
2073
2002
1968
1955
1965
1982
1985
2013
2072
2108
2185
2253
2335
2402
2429
2395
2324
2167
2084
2011
2009
2026
2047
2059
2093
2133
2164
2212
2230
2229
2187
2117
2054
1982
1951
1952
1981
2072
2143
2193
2205
2212
2243
2271
2303
2310
2296
2224
2137
2051
1954
1926
1968
2060
2141
2184
2195
2199
2201
2226
2211
2181
2150
2132
2118
2097
2070
2063
2067
2075
2098
2089
2060
2004
2018
2029
2049
2042
2022
1987
1915
1858
1806
1782
1829
1922
2044
2201
2315
2369
2406
2388
2337
2246
2191
2158
2153
2135
2095
2049
1996
1996
2007
2053
2070
2097
2111
2139
2120
2079
1998
1970
1985
2001
1995
2000
1989
2033
2102
2174
2207
2228
2221
2205
2180
2137
2049
2014
2015
2033
2056
2054
2030
1958
1940
1936
1984
2001
2011
2022
2011
2016
2033
2062
2099
2146
2224
2255
2225
2151
2053
1980
1935
1903
1904
1944
2056
2129
2179
2172
2120
2082
2077
2092
2099
2097
2105
2132
2169
2203
2239
2250
2240
2199
2148
2074
2001
1981
2021
2107
2152
2160
2132
2080
2079
2111
2218
2274
2292
2281
2262
2231
2155
2053
1977
1919
1900
1934
1984
2038
2060
2081
2102
2098
2075
2064
2059
2055
2085
2098
2106
2089
2069
2041
2035
2051
2123
2196
2224
2229
2204
2170
2126
2124
2161
2184
2197
2178
2165
2129
2108
2053
2020
1980
1962
1964
1961
1984
2024
2119
2191
2221
2212
2175
2134
2126
2136
2160
2161
2132
2103
2064
2042
2027
2037
2088
2163
2199
2202
2166
2136
2066
1992
1959
1937
1941
1989
2044
2104
2152
2178
2179
2144
2128
2101
2076
2079
2068
2050
2032
2035
2033
2015
2046
2097
2163
2268
2316
2339
2338
2322
2288
2201
2085
2005
1949
1968
2016
2085
2164
2187
2154
2081
2028
2010
2029
2071
2087
2077
2027
1980
1969
2002
2046
2068
2097
2089
2083
2067
2052
2048
2033
2028
2014
2019
1997
2007
2054
2108
2159
2196
2233
2256
2233
2204
2170
2191
2232
2293
2350
2367
2361
2293
2233
2162
2072
2046
2044
2063
2111
2163
2207
2239
2225
2206
2154
2140
2126
2099
2073
2063
2050
2090
2142
2189
2225
2227
2202
2153
2098
2055
2030
2054
2114
2152
2161
2127
2105
2111
2155
2190
2219
2256
2263
2285
2259
2208
2164
2125
2115
2135
2146
2157
2156
2165
2194
2219
2245
2247
2231
2183
2139
2061
2008
1924
1853
1840
1867
1900
1917
1929
1958
2015
2065
2115
2133
2110
2058
1994
1976
1956
1972
2027
2073
2111
2131
2123
2121
2109
2101
2102
2125
2149
2184
2208
2263
2273
2293
2326
2357
2354
2329
2297
2249
2215
2206
2180
2170
2152
2133
2121
2096
2081
2086
2118
2187
2238
2263
2269
2252
2225
2175
2127
2093
2061
2043
2063
2074
2126
2158
2202
2225
2237
2213
2191
2130
2097
2072
2084
2108
2161
2254
2288
2276
2218
2120
2036
1995
2009
2059
2140
2231
2261
2274
2293
2315
2312
2298
2244
2214
2164
2095
2055
2037
2057
2087
2129
2148
2161
2154
2167
2184
2178
2147
2110
2069
2034
1980
1910
1870
1878
1985
2070
2141
2161
2168
2148
2125
2088
2072
2092
2148
2179
2182
2144
2113
2104
2114
2151
2159
2156
2133
2110
2089
2040
2007
1977
1985
2019
2055
2088
2099
2079
2101
2139
2156
2148
2120
2091
2073
2047
2013
2003
1992
1996
2045
2126
2212
2243
2277
2303
2337
2328
2320
2262
2207
2140
2031
1973
1945
1947
2012
2082
2129
2167
2154
2136
2102
2085
2105
2156
2214
2240
2223
2157
2098
2063
2069
2091
2117
2150
2162
2140
2118
2074
2050
2032
2033
2069
2092
2116
2111
2114
2146
2220
2261
2271
2269
2243
2208
2192
2170
2147
2121
2098
2088
2068
2031
1997
1990
2035
2101
2175
2243
2284
2312
2313
2301
2248
2179
2095
2079
2071
2053
2019
1980
1991
2021
2070
2101
2140
2130
2136
2123
2079
2041
1985
1943
1906
1863
1827
1818
1838
1896
1987
2025
2060
2103
2159
2194
2195
2162
2133
2108
2071
2045
2034
2024
2042
2095
2174
2234
2276
2319
2326
2314
2267
2170
2101
2071
2038
2030
2028
2076
2117
2144
2172
2171
2169
2170
2201
2214
2198
2149
2111
2066
2023
2011
2039
2077
2143
2207
2250
2294
2300
2280
2240
2178
2132
2109
2125
2129
2127
2126
2145
2171
2158
2132
2102
2102
2109
2125
2129
2131
2142
2142
2138
2127
2140
2165
2196
2228
2244
2258
2261
2258
2212
2172
2117
2063
2002
1994
2016
2075
2120
2149
2154
2137
2111
2075
2040
2031
2028
2024
2029
2033
2028
2041
2038
2037
2061
2081
2108
2079
2048
2028
2018
2033
2037
2039
2035
2024
2013
2032
2051
2079
2100
2119
2140
2139
2133
2113
2095
2101
2117
2137
2171
2187
2185
2164
2118
2088
2077
2080
2093
2102
2110
2109
2111
2097
2087
2093
2090
2056
2029
1991
1986
2033
2066
2111
2113
2109
2119
2114
2105
2121
2139
2146
2148
2163
2144
2118
2097
2081
2089
2090
2089
2113
2136
2190
2210
2172
2111
2000
1918
1855
1829
1893
1968
2082
2152
2202
2218
2200
2199
2203
2198
2218
2218
2226
2224
2228
2212
2189
2175
2175
2223
2278
2325
2381
2392
2367
2284
2182
2067
1964
1881
1877
1898
2003
2067
2118
2139
2100
2049
1962
1873
1848
1875
1954
2035
2102
2165
2178
2169
2136
2039
1977
1953
1961
1967
1967
1986
2027
2072
2120
2152
2188
2217
2270
2303
2315
2303
2293
2228
2174
2088
2022
1991
1998
2020
2049
2113
2164
2211
2212
2143
2083
2010
1970
1975
2015
2092
2147
2190
2207
2203
2178
2146
2105
2073
2032
2004
1984
1981
1981
1995
1995
2011
2003
2012
2014
2019
2027
2047
2084
2111
2127
2116
2110
2092
2080
2062
2087
2129
2187
2223
2228
2204
2161
2135
2128
2126
2148
2171
2221
2247
2257
2258
2232
2205
2199
2164
2137
2119
2117
2103
2077
2055
2019
2008
1986
1985
1997
2001
1996
1989
1981
1974
1992
2026
2057
2096
2127
2132
2134
2114
2101
2066
2026
1985
1962
1935
1970
2029
2103
2160
2188
2205
2209
2197
2186
2132
2102
2117
2144
2147
2169
2185
2194
2180
2159
2145
2162
2183
2189
2196
2205
2172
2153
2116
2092
2043
2000
1970
1929
1921
1922
1933
1941
1970
2025
2076
2093
2084
2080
2074
2093
2102
2100
2121
2157
2212
2254
2272
2265
2219
2180
2126
2081
2028
1980
1963
1969
2003
2048
2099
2162
2258
2302
2348
2282
2251
2246
2222
2206
2169
2129
2052
2010
1975
1999
2038
2104
2184
2281
2299
2295
2260
2199
2161
2108
2082
2062
2055
2079
2105
2150
2189
2203
2232
2238
2209
2179
2149
2126
2097
2074
2046
2032
2036
2036
2042
2068
2108
2158
2236
2289
2331
2356
2344
2301
2264
2204
2143
2107
2097
2104
2146
2172
2167
2152
2135
2139
2173
2209
2262
2290
2318
2303
2282
2234
2203
2181
2169
2166
2148
2121
2097
2078
2054
2025
1988
1963
1951
1951
1976
2010
2059
2107
2148
2175
2188
2178
2187
2205
2219
2250
2298
2309
2291
2198
2129
2061
1996
1971
1975
1995
2043
2101
2156
2190
2187
2216
2219
2251
2279
2334
2358
2356
2317
2240
2171
2099
2047
2019
2028
2059
2100
2134
2148
2147
2130
2098
2103
2098
2104
2139
2165
2196
2231
2201
2152
2097
2030
2011
2020
2060
2099
2150
2194
2228
2215
2189
2172
2179
2190
2228
2267
2311
2303
2263
2224
2168
2118
2102
2130
2189
2236
2276
2294
2278
2221
2152
2045
1998
1984
1996
2031
2079
2149
2186
2202
2187
2154
2123
2124
2137
2154
2157
2159
2124
2058
2002
1932
1911
1931
1980
1997
2033
2045
2031
1990
1957
1907
1892
1905
1963
2028
2091
2154
2177
2206
2200
2214
2217
2226
2215
2199
2177
2161
2148
2118
2090
2068
2079
2118
2207
2250
2281
2249
2216
2135
2052
1986
1964
1981
2047
2092
2141
2175
2189
2183
2149
2128
2136
2149
2188
2227
2241
2222
2193
2160
2105
2073
2050
2080
2127
2132
2126
2118
2111
2110
2101
2109
2123
2148
2201
2240
2247
2218
2183
2146
2092
2048
2009
1981
1994
2030
2071
2122
2145
2155
2164
2168
2162
2156
2169
2183
2177
2143
2092
2053
2022
2022
2040
2104
2169
2194
2180
2128
2093
2058
2051
2078
2114
2173
2212
2226
2231
2215
2183
2123
2060
2012
2001
2010
2027
2038
2019
2016
1979
1958
1931
1928
1937
1989
2044
2097
2146
2156
2141
2094
2065
2062
2089
2136
2177
2210
2206
2164
2104
2035
1964
1932
1928
1955
2001
2064
2142
2231
2273
2289
2281
2253
2215
2148
2101
2076
2073
2103
2123
2146
2128
2100
2057
1999
1974
1981
1986
1978
1970
1968
1959
1977
2030
2084
2136
2175
2222
2228
2220
2191
2159
2139
2122
2070
2038
2031
2034
2060
2102
2132
2161
2160
2133
2094
2044
2046
2048
2043
2027
2010
2023
2045
2074
2086
2088
2090
2065
2055
2062
2098
2129
2161
2169
2160
2142
2144
2180
2213
2242
2242
2231
2200
2175
2144
2132
2121
2124
2137
2151
2158
2140
2105
2106
2110
2099
2074
2053
2047
2060
2090
2118
2150
2159
2143
2105
2079
2063
2058
2078
2119
2130
2099
2061
2042
2036
2048
2063
2055
2071
2096
2104
2110
2082
2087
2096
2120
2141
2124
2139
2157
2178
2209
2201
2209
2189
2173
2134
2089
2050
2040
2045
2043
2041
2026
2033
2051
2071
2079
2097
2132
2150
2145
2125
2083
2043
2004
1986
1985
2001
2026
2055
2081
2096
2113
2135
2136
2149
2148
2135
2115
2094
2078
2078
2086
2095
2099
2037
1992
1946
1932
1925
1942
2029
2114
2228
2296
2318
2294
2256
2210
2201
2182
2183
2185
2183
2172
2169
2171
2139
2092
2071
2057
2063
2081
2092
2092
2077
2055
2032
2006
1990
1994
2001
2032
2036
2098
2139
2165
2191
2180
2146
2120
2045
2011
2002
2028
2083
2128
2173
2184
2174
2172
2140
2145
2133
2175
2192
2202
2193
2187
2195
2221
2248
2240
2237
2198
2186
2163
2154
2162
2160
2172
2197
2184
2152
2091
2055
2031
2026
2054
2099
2117
2155
2158
2162
2157
2140
2132
2100
2071
2051
2036
2027
2026
2028
2018
1986
1964
1959
1947
1981
2012
2057
2075
2128
2153
2155
2173
2183
2178
2172
2174
2169
2170
2144
2118
2087
2050
2043
2040
2056
2069
2091
2122
2151
2184
2195
2179
2150
2143
2150
2177
2232
2266
2307
2311
2284
2249
2159
2124
2092
2041
1968
1908
1844
1798
1789
1833
1920
1998
2066
2146
2159
2148
2143
2128
2127
2136
2161
2158
2160
2151
2163
2183
2173
2135
2119
2104
2113
2132
2151
2173
2175
2155
2150
2143
2154
2173
2198
2216
2230
2226
2212
2195
2170
2150
2135
2116
2103
2105
2110
2110
2120
2109
2116
2079
2069
2057
2069
2092
2132
2165
2206
2227
2225
2218
2201
2202
2165
2145
2125
2091
2079
2065
2050
2072
2104
2164
2224
2259
2260
2257
2255
2240
2226
2211
2209
2219
2206
2186
2164
2140
2115
2126
2104
2082
2053
2044
2046
2068
2107
2133
2138
2121
2089
2077
2064
2059
2072
2084
2092
2096
2082
2076
2081
2079
2053
2057
2076
2097
2142
2196
2214
2204
2181
2168
2147
2116
2094
2090
2094
2132
2155
2198
2233
2250
2248
2238
2220
2212
2180
2151
2143
2153
2165
2141
2132
2104
2095
2103
2126
2151
2149
2144
2124
2114
2087
2086
2099
2123
2139
2137
2132
2132
2140
2131
2118
2102
2096
2106
2102
2113
2123
2160
2196
2197
2210
2156
2109
2069
2037
2044
2083
2149
2202
2226
2217
2196
2188
2175
2185
2204
2223
2237
2269
2257
2250
2252
2231
2214
2174
2157
2141
2137
2179
2204
2251
2296
2325
2339
2333
2320
2285
2256
2243
2249
2255
2237
2228
2213
2204
2191
2151
2137
2119
2119
2141
2169
2195
2227
2242
2233
2198
2135
2050
1980
1924
1886
1886
1916
2016
2095
2170
2218
2255
2265
2260
2219
2188
2160
2166
2182
2195
2202
2182
2173
2149
2138
2144
2160
2179
2194
2195
2202
2204
2199
2202
2217
2225
2236
2269
2285
2292
2302
2290
2264
2210
2117
2025
1969
1929
1927
1933
1973
2017
2045
2075
2101
2117
2137
2124
2089
2039
2004
1989
2002
2031
2097
2134
2154
2156
2146
2142
2144
2161
2184
2212
2233
2241
2231
2189
2151
2123
2121
2139
2178
2238
2318
2372
2387
2388
2335
2272
2175
2110
2055
2005
1998
2003
2020
2022
2029
2039
2036
2062
2113
2189
2240
2303
2329
2332
2288
2238
2160
2074
2010
1957
1933
1965
2024
2080
2132
2141
2125
2099
2056
2027
2029
2029
2049
2092
2129
2175
2237
2289
2343
2393
2405
2407
2380
2335
2284
2232
2139
2102
2065
2034
2020
2012
2040
2075
2118
2144
2172
2170
2148
2121
2086
2067
2070
2074
2067
2071
2069
2059
2062
2056
2058
2049
2027
2030
2045
2043
2056
2082
2089
2079
2067
2052
2041
2049
2082
2136
2170
2181
2181
2173
2139
2108
2078
2084
2091
2114
2111
2122
2138
2172
2184
2203
2214
2214
2210
2209
2210
2213
2192
2164
2139
2099
2072
2052
2029
2019
2037
2045
2072
2101
2131
2143
2130
2129
2138
2144
2138
2127
2103
2069
2056
2050
2077
2101
2108
2097
2060
2043
2044
2022
2006
1988
1948
1950
1954
1963
1959
1972
1988
2012
2022
2019
2037
2069
2106
2129
2144
2146
2144
2138
2150
2154
2168
2182
2196
2203
2175
2145
2109
2078
2074
2047
2019
2017
2041
2092
2118
2131
2138
2181
2205
2225
2218
2190
2144
2111
2080
2062
2024
1997
1989
2026
2074
2125
2146
2159
2159
2151
2101
2082
2083
2090
2118
2136
2167
2186
2195
2182
2160
2157
2155
2175
2174
2190
2194
2189
2178
2168
2193
2237
2256
2280
2269
2243
2205
2151
2109
2079
2061
2064
2064
2061
2030
1990
1993
2003
2032
2065
2107
2128
2157
2169
2186
2202
2203
2203
2178
2140
2059
2024
2036
2085
2144
2208
2255
2276
2258
2214
2154
2109
2097
2109
2116
2122
2122
2115
2105
2082
2056
2062
2057
2094
2108
2119
2113
2108
2074
2051
1997
1953
1902
1841
1834
1866
1916
2018
2097
2184
2269
2283
2278
2241
2217
2185
2153
2104
2066
2055
2053
2071
2093
2144
2190
2238
2293
2343
2341
2341
2296
2260
2210
2148
2121
2128
2160
2181
2168
2155
2120
2101
2094
2061
2059
2050
2042
2035
2022
2020
2065
2125
2170
2241
2261
2257
2270
2290
2295
2293
2244
2207
2185
2157
2139
2143
2165
2168
2175
2198
2227
2248
2310
2374
2382
2378
2323
2257
2222
2188
2167
2142
2139
2125
2126
2138
2160
2168
2171
2173
2169
2147
2108
2074
2052
2028
2000
1982
1957
1922
1902
1890
1904
1987
2060
2153
2238
2238
2189
2081
2020
1985
1989
2012
2021
2026
2023
2062
2110
2178
2225
2283
2279
2262
2258
2254
2203
2138
2076
1999
1959
1914
1896
1912
1980
2072
2205
2258
2295
2281
2275
2247
2213
2129
2077
2032
2019
2006
2028
2054
2088
2111
2101
2059
2031
2015
2061
2096
2136
2151
2144
2131
2124
2125
2162
2200
2213
2198
2151
2044
1980
1947
1987
2050
2095
2108
2090
2049
2016
2013
2054
2100
2144
2157
2166
2136
2075
2055
2066
2108
2135
2146
2117
2079
2057
2070
2093
2095
2081
2072
2067
2082
2128
2155
2192
2233
2242
2224
2221
2207
2196
2197
2196
2191
2168
2151
2125
2092
2060
2010
1982
1984
2023
2039
2048
2022
2010
2009
2012
2012
2013
2050
2165
2258
2332
2374
2371
2338
2276
2189
2119
2063
2020
2024
2012
2018
2011
2031
2046
2066
2079
2099
2145
2193
2238
2290
2292
2265
2214
2152
2104
2064
2030
2015
2030
2076
2107
2144
2157
2180
2201
2217
2262
2246
2209
2150
2128
2099
2067
2024
2020
1997
2002
2016
2037
2100
2161
2207
2264
2253
2215
2179
2111
2072
2040
2024
2029
2021
2074
2095
2109
2126
2154
2175
2209
2218
2193
2144
2078
2029
1999
1955
1942
1948
1963
1990
2007
2013
2033
2054
2055
2051
2063
2082
2089
2099
2109
2104
2080
2071
2063
2044
2041
2025
2037
2063
2082
2113
2138
2142
2147
2161
2160
2153
2132
2149
2179
2216
2196
2153
2087
2049
2014
1994
1984
2025
2090
2170
2236
2259
2272
2280
2285
2246
2199
2163
2134
2148
2156
2192
2225
2303
2351
2374
2378
2354
2336
2324
2300
2259
2207
2148
2139
2109
2094
2116
2168
2238
2291
2300
2277
2211
2164
2123
2076
2049
2031
2010
1998
1991
2011
2037
2084
2139
2190
2226
2209
2171
2117
2115
2122
2125
2117
2098
2047
1994
1953
1934
1947
1981
2033
2076
2099
2103
2062
2060
2068
2075
2125
2129
2138
2143
2139
2148
2175
2191
2214
2210
2188
2142
2090
2078
2119
2175
2225
2235
2218
2182
2114
2067
2023
2047
2069
2099
2144
2157
2141
2129
2091
2061
2025
2053
2050
2054
2068
2056
2049
2057
2062
2091
2122
2178
2203
2206
2203
2205
2205
2189
2162
2119
2084
1999
1964
1949
2005
2070
2179
2283
2329
2332
2299
2246
2204
2174
2141
2135
2116
2065
2003
1955
1933
1968
1993
2045
2082
2101
2118
2138
2151
2163
2145
2079
2027
2001
2007
2032
2084
2173
2235
2273
2265
2253
2220
2179
2112
2071
2027
1994
1971
1959
1951
1964
1983
2034
2080
2132
2168
2201
2246
2270
2275
2262
2227
2187
2118
2078
2043
2045
2066
2078
2065
2058
2051
2051
2078
2113
2149
2169
2189
2180
2196
2209
2222
2223
2175
2141
2110
2073
2027
2008
1990
1994
2004
2006
2043
2064
2095
2157
2188
2226
2260
2264
2255
2245
2223
2205
2242
2282
2288
2265
2194
2146
2102
2085
2063
2068
2067
2057
2044
2046
2096
2138
2167
2187
2199
2213
2209
2167
2120
2074
2020
1983
1957
1950
1955
1966
1993
2033
2067
2104
2119
2117
2085
2032
1984
1971
1972
2009
2012
2002
2022
2035
2068
2125
2163
2175
2194
2192
2163
2118
2067
2039
2032
2035
2050
2073
2103
2148
2194
2228
2235
2243
2260
2288
2287
2234
2167
2086
2084
2090
2104
2099
2104
2125
2143
2157
2161
2152
2142
2128
2128
2104
2081
2054
2015
1999
1984
1966
1948
1956
1981
1986
1979
1954
1957
1988
2051
2043
2047
2027
2027
2032
2049
2074
2097
2113
2147
2194
2224
2259
2286
2306
2308
2288
2243
2191
2122
2100
2061
2064
2093
2120
2157
2196
2180
2157
2123
2100
2071
2078
2089
2105
2123
2115
2100
2093
2082
2084
2107
2166
2215
2264
2294
2268
2235
2172
2093
2061
2032
1986
1952
1951
1957
1991
2004
2031
2059
2084
2101
2129
2135
2127
2121
2105
2079
2044
1995
1949
1940
1933
1942
1973
2034
2132
2203
2255
2294
2287
2264
2228
2227
2248
2290
2321
2333
2312
2234
2177
2126
