12398
1550
1252
1701
1438
4448
586
486
640
264
1194
1629
1243
558
929
1135
608
831
982
1185
811
871
1024
917
1082
807
1030
1246
1215
1027
1067
1203
1470
1384
1171
1531
1548
1312
1492
1497
1953
2177
2117
2491
2526
2630
3129
3326
3874
4828
6201
8310
13654
31628
10451
15934
9154
6204
4644
3793
3073
2627
2095
2147
2219
1752
1525
1475
1340
1133
1040
1072
1208
1064
925
810
936
640
648
634
686
481
421
519
618
393
465
442
639
363
433
436
537
470
338
333
524
477
140
302
357
309
551
405
71
266
87
454
448
411
253
356
228
101
227
190
164
383
313
231
369
310
249
209
155
297
34
129
151
139
51
296
151
88
101
157
80
216
220
183
121
207
68
244
149
120
200
150
176
187
5
138
207
155
271
153
279
114
115
182
309
906
72
29
37
140
154
27
87
216
63
182
161
63
112
183
94
36
59
36
119
39
130
177
241
177
53
103
109
44
86
80
110
175
149
55
73
26
200
55
17
62
179
172
62
118
159
5
9
94
129
136
47
158
320
135
88
18
42
37
65
185
144
68
41
224
62
67
75
82
132
211
57
136
87
135
86
224
41
43
78
82
130
101
76
98
120
71
79
90
114
140
41
95
49
105
96
123
86
162
49
53
68
84
84
87
53
358
3245
262
213
215
139
89
59
143
54
142
32
84
52
173
198
61
36
43
32
30
10
29
110
180
131
70
168
14
106
107
146
117
32
87
57
120
69
70
40
47
37
50
177
38
70
65
111
59
25
74
55
81
42
107
122
16
58
39
80
27
54
95
55
23
31
60
16
55
68
97
63
39
63
98
108
54
63
24
55
23
8
54
78
74
110
11
37
74
58
27
81
85
85
18
69
52
6
10
70
49
5
71
64
65
84
152
168
714
373
146
130
166
56
8
72
81
59
23
53
39
22
51
57
117
63
7
46
51
3
57
60
42
87
51
91
35
85
68
29
24
48
72
58
51
48
71
43
30
36
81
15
30
25
47
74
19
43
7
51
50
64
46
53
50
97
26
34
65
31
21
48
77
36
24
72
52
85
35
47
29
40
69
56
145
54
69
111
18
85
18
178
176
70
28
56
60
94
42
30
24
19
65
59
60
2
33
37
51
38
13
46
68
71
97
312
356
147
72
8
48
29
59
30
73
17
59
78
46
5
45
70
35
21
20
11
27
26
82
84
41
45
69
58
40
20
33
15
6
35
32
40
61
16
7
88
31
17
23
33
7
77
35
45
21
17
12
9
45
35
46
39
42
16
33
68
56
62
43
22
27
19
55
25
54
32
48
59
14
43
20
65
49
74
68
25
40
9
146
151
53
25
37
25
32
67
22
32
43
35
28
64
25
50
11
47
13
55
42
79
33
86
122
441
55
9
42
57
49
55
56
50
19
17
54
38
33
56
18
44
32
22
23
26
66
60
16
14
32
74
56
12
27
12
14
59
29
35
36
14
36
26
49
16
33
34
40
24
26
30
29
41
6
23
18
28
33
25
60
89
50
14
6
53
18
78
40
29
17
47
28
24
31
33
19
55
18
20
37
25
17
36
51
42
32
39
79
9
6
22
6
5
13
49
50
25
46
14
10
31
18
22
41
23
7
25
16
16
27
10
154
45
35
33
14
19
13
31
31
40
38
23
45
23
42
5
32
74
42
23
12
25
34
6
25
21
34
22
35
48
25
26
21
24
17
30
31
26
25
31
39
44
21
25
17
37
23
42
17
19
35
17
47
40
54
58
29
41
23
22
20
53
83
14
39
61
29
2
43
48
45
38
8
12
25
39
15
41
26
52
38
23
20
38
37
20
42
43
19
38
28
60
48
41
70
84
40
45
27
16
51
13
15
14
29
35
37
78
29
32
59
38
10
38
27
35
53
43
10
2
13
29
29
9
49
90
35
41
32
33
24
12
11
19
7
18
48
86
17
15
17
54
3
40
9
25
18
31
20
35
17
12
33
16
10
16
36
26
27
28
31
24
24
41
29
39
7
11
8
12
29
24
48
18
29
33
12
28
20
52
43
21
11
36
8
35
40
21
15
41
23
35
6
19
19
30
20
17
10
19
31
15
71
12
19
24
10
29
14
23
39
24
25
11
32
36
38
39
14
30
19
20
26
5
8
27
22
7
25
2
8
29
27
23
30
27
25
9
25
20
50
35
30
33
25
6
30
36
21
28
17
34
5
26
19
40
55
34
23
25
22
52
26
24
35
34
33
77
40
44
88
44
61
161
124
61
32
13
33
31
32
19
37
14
20
38
10
19
46
6
13
10
19
19
40
34
19
43
13
24
15
6
38
66
53
8
23
20
30
21
13
26
45
16
16
30
15
19
26
45
37
22
55
30
63
15
54
26
16
9
2
26
43
24
35
10
14
33
30
46
4
23
5
10
41
48
18
30
39
28
21
8
32
22
21
20
11
20
8
16
22
8
14
44
37
17
9
25
12
27
22
14
21
51
4
15
37
11
26
50
90
139
58
18
24
17
31
17
9
25
21
7
2
23
18
37
12
16
24
6
38
13
23
33
16
8
13
33
14
17
30
17
36
26
17
13
32
7
36
24
12
23
7
34
20
19
37
12
17
27
11
15
28
5
18
25
20
4
22
24
21
36
52
18
36
39
9
12
11
17
19
36
5
8
7
33
30
13
19
26
31
12
13
18
47
15
17
15
12
7
7
29
31
30
24
21
15
15
13
14
10
5
48
20
115
218
68
25
44
39
19
26
18
35
21
15
3
8
17
21
19
13
13
11
8
14
13
16
10
26
15
10
13
34
41
13
32
5
21
17
13
19
13
6
40
30
14
33
31
52
82
27
23
26
5
8
20
27
41
37
26
23
16
18
17
5
27
19
11
23
4
22
33
28
23
24
12
37
4
13
22
36
24
23
37
17
21
44
6
12
20
30
24
9
18
1
7
24
5
8
39
23
7
21
48
43
38
34
24
23
19
26
254
55
19
8
9
18
41
26
25
19
9
20
21
17
12
11
6
32
27
6
36
20
15
44
25
50
14
24
13
14
30
24
20
7
14
4
24
10
15
7
19
32
18
30
30
22
41
25
28
34
29
10
8
18
30
28
30
20
8
5
38
16
10
9
27
39
22
21
17
19
34
20
21
16
7
14
9
25
29
7
22
13
24
20
4
4
2
27
24
10
11
10
11
2
14
34
18
20
39
22
15
29
40
29
20
12
30
6
24
48
18
10
31
14
19
3
16
18
16
26
14
23
14
35
27
20
9
4
11
11
59
21
38
20
1
10
16
21
12
27
11
20
14
24
9
27
28
13
17
32
18
14
26
10
50
18
27
15
23
15
15
23
50
17
25
15
23
12
39
25
16
2
22
46
21
13
7
35
26
20
4
16
42
47
35
8
27
38
30
17
21
35
17
55
106
56
32
29
31
17
19
43
16
17
53
16
4
25
13
16
1
23
4
20
35
23
20
25
26
11
20
16
18
13
8
31
6
4
19
18
33
26
12
22
19
28
12
20
20
10
11
15
49
11
25
8
47
12
6
15
9
17
30
28
7
4
11
38
40
42
31
8
35
17
21
22
13
28
26
5
32
31
31
14
36
18
33
19
12
13
38
24
47
132
20
27
22
21
27
33
7
10
27
30
47
21
18
10
3
28
61
75
19
17
14
13
3
9
25
32
18
20
7
9
23
24
8
15
4
20
26
16
27
13
30
38
20
3
15
7
16
42
22
19
27
9
26
9
12
23
27
36
4
21
16
19
28
7
34
38
50
12
19
22
15
29
17
23
33
7
24
15
14
24
9
10
4
16
26
17
0
26
21
14
16
26
27
9
36
23
32
6
43
14
52
17
2
31
5
22
104
32
26
27
4
15
32
17
22
36
29
44
7
14
22
11
11
22
31
14
36
2
32
26
10
3
25
14
13
19
12
34
21
4
7
22
23
8
31
28
3
36
27
16
34
19
36
11
22
31
31
13
22
19
38
13
26
32
21
40
25
20
11
26
22
43
20
5
13
17
19
16
9
24
16
20
32
29
40
18
5
17
33
13
14
6
5
19
36
1
26
30
16
18
13
23
16
10
5
22
12
15
38
15
13
4
14
17
31
23
53
2
8
27
13
9
24
26
29
12
22
28
33
30
28
14
15
15
12
39
22
13
10
31
39
16
21
13
33
27
9
19
29
29
25
12
30
19
6
17
29
23
13
14
36
12
25
8
22
34
22
20
19
6
20
28
16
41
10
10
12
30
4
14
31
22
16
9
24
5
17
27
34
5
13
28
19
25
29
29
12
6
5
13
35
12
3
13
20
38
9
13
18
47
32
37
41
22
12
9
13
31
12
25
32
26
8
26
24
7
15
17
24
15
4
25
8
20
28
15
10
10
30
4
31
28
21
32
40
18
16
5
19
30
17
3
13
39
31
31
5
41
25
18
17
24
11
7
18
21
36
17
21
23
5
11
14
19
8
29
30
32
9
37
36
16
22
23
13
14
25
31
31
36
5
24
16
24
38
12
26
19
37
39
14
21
17
33
32
27
6
14
10
5
20
19
29
30
7
26
10
7
12
55
70
209
114
95
55
45
25
12
2
27
30
37
29
27
32
12
25
23
19
31
42
7
17
32
27
14
11
34
4
9
21
23
4
16
60
11
41
34
31
25
28
14
17
37
21
21
34
13
29
19
43
17
15
25
19
10
19
25
15
17
43
19
29
13
34
21
21
37
17
14
28
25
31
34
41
11
60
16
4
23
21
9
4
34
11
14
27
32
17
7
42
31
19
23
25
12
32
27
29
37
30
27
2
12
25
45
55
95
114
209
70
55
12
7
10
26
7
30
29
19
20
5
10
14
6
27
32
33
17
21
14
39
37
19
26
12
38
24
16
24
5
36
31
31
25
14
13
23
22
16
36
37
9
32
30
29
8
19
14
11
5
23
21
17
36
21
18
7
11
24
17
18
25
41
5
31
31
39
13
3
17
30
19
5
16
18
40
32
21
28
31
4
30
10
10
15
28
20
8
25
4
15
24
17
15
7
24
26
8
26
32
25
12
31
13
9
12
22
41
37
32
47
18
13
9
38
20
13
3
12
35
13
5
6
12
29
29
25
19
28
13
5
34
27
17
5
24
9
16
22
31
14
4
30
12
10
10
41
16
28
20
6
19
20
22
34
22
8
25
12
36
14
13
23
29
17
6
19
30
12
25
29
29
19
9
27
33
13
21
16
39
31
10
13
22
39
12
15
15
14
28
30
33
28
22
12
29
26
24
9
13
27
8
2
53
23
31
17
14
4
13
15
38
15
12
22
5
10
16
23
13
18
16
30
26
1
36
19
5
6
14
13
33
17
5
18
40
29
32
20
16
24
9
16
19
17
13
5
20
43
22
26
11
20
25
40
21
32
26
13
38
19
22
13
31
31
22
11
36
19
34
16
27
36
3
28
31
8
23
22
7
4
21
34
12
19
13
14
25
3
10
26
32
2
36
14
31
22
11
11
22
14
7
44
29
36
22
17
32
15
4
27
26
32
104
22
5
31
2
17
52
14
43
6
32
23
36
9
27
26
16
14
21
26
0
17
26
16
4
10
9
24
14
15
24
7
33
23
17
29
15
22
19
12
50
38
34
7
28
19
16
21
4
36
27
23
12
9
26
9
27
19
22
42
16
7
15
3
20
38
30
13
27
16
26
20
4
15
8
24
23
9
7
20
18
32
25
9
3
13
14
17
19
75
61
28
3
10
18
21
47
30
27
10
7
33
27
21
22
27
20
132
47
24
38
13
12
19
33
18
36
14
31
31
32
5
26
28
13
22
21
17
35
8
31
42
40
38
11
4
7
28
30
17
9
15
6
12
47
8
25
11
49
15
11
10
20
20
12
28
19
22
12
26
33
18
19
4
6
31
8
13
18
16
20
11
26
25
20
23
35
20
4
23
1
16
13
25
4
16
53
17
16
43
19
17
31
29
32
56
106
55
17
35
21
17
30
38
27
8
35
47
42
16
4
20
26
35
7
13
21
46
22
2
16
25
39
12
23
15
25
17
50
23
15
15
23
15
27
18
50
10
26
14
18
32
17
13
28
27
9
24
14
20
11
27
12
21
16
10
1
20
38
21
59
11
11
4
9
20
27
35
14
23
14
26
16
18
16
3
19
14
31
10
18
48
24
6
30
12
20
29
40
29
15
22
39
20
18
34
14
2
11
10
11
10
24
27
2
4
4
20
24
13
22
7
29
25
9
14
7
16
21
20
34
19
17
21
22
39
27
9
10
16
38
5
8
20
30
28
30
18
8
10
29
34
28
25
41
22
30
30
18
32
19
7
15
10
24
4
14
7
20
24
30
14
13
24
14
50
25
44
15
20
36
6
27
32
6
11
12
17
21
20
9
19
25
26
41
18
9
8
19
55
254
26
19
23
24
34
38
43
48
21
7
23
39
8
5
24
7
1
18
9
24
30
20
12
6
44
21
17
37
23
24
36
22
13
4
37
12
24
23
28
33
22
4
23
11
19
27
5
17
18
16
23
26
37
41
27
20
8
5
26
23
27
82
52
31
33
14
30
40
6
13
19
13
17
21
5
32
13
41
34
13
10
15
26
10
16
13
14
8
11
13
13
19
21
17
8
3
15
21
35
18
26
19
39
44
25
68
218
115
20
48
5
10
14
13
15
15
21
24
30
31
29
7
7
12
15
17
15
47
18
13
12
31
26
19
13
30
33
7
8
5
36
19
17
11
12
9
39
36
18
52
36
21
24
22
4
20
25
18
5
28
15
11
27
17
12
37
19
20
34
7
23
12
24
36
7
32
13
17
26
36
17
30
17
14
33
13
8
16
33
23
13
38
6
24
16
12
37
18
23
2
7
21
25
9
17
31
17
24
18
58
139
90
50
26
11
37
15
4
51
21
14
22
27
12
25
9
17
37
44
14
8
22
16
8
20
11
20
21
22
32
8
21
28
39
30
18
48
41
10
5
23
4
46
30
33
14
10
35
24
43
26
2
9
16
26
54
15
63
30
55
22
37
45
26
19
15
30
16
16
45
26
13
21
30
20
23
8
53
66
38
6
15
24
13
43
19
34
40
19
19
10
13
6
46
19
10
38
20
14
37
19
32
31
33
13
32
61
124
161
61
44
88
44
40
77
33
34
35
24
26
52
22
25
23
34
55
40
19
26
5
34
17
28
21
36
30
6
25
33
30
35
50
20
25
9
25
27
30
23
27
29
8
2
25
7
22
27
8
5
26
20
19
30
14
39
38
36
32
11
25
24
39
23
14
29
10
24
19
12
71
15
31
19
10
17
20
30
19
19
6
35
23
41
15
21
40
35
8
36
11
21
43
52
20
28
12
33
29
18
48
24
29
12
8
11
7
39
29
41
24
24
31
28
27
26
36
16
10
16
33
12
17
35
20
31
18
25
9
40
3
54
17
15
17
86
48
18
7
19
11
12
24
33
32
41
35
90
49
9
29
29
13
2
10
43
53
35
27
38
10
38
59
32
29
78
37
35
29
14
15
13
51
16
27
45
40
84
70
41
48
60
28
38
19
43
42
20
37
38
20
23
38
52
26
41
15
39
25
12
8
38
45
48
43
2
29
61
39
14
83
53
20
22
23
41
29
58
54
40
47
17
35
19
17
42
23
37
17
25
21
44
39
31
25
26
31
30
17
24
21
26
25
48
35
22
34
21
25
6
34
25
12
23
42
74
32
5
42
23
45
23
38
40
31
31
13
19
14
33
35
45
154
10
27
16
16
25
7
23
41
22
18
31
10
14
46
25
50
49
13
5
6
22
6
9
79
39
32
42
51
36
17
25
37
20
18
55
19
33
31
24
28
47
17
29
40
78
18
53
6
14
50
89
60
25
33
28
18
23
6
41
29
30
26
24
40
34
33
16
49
26
36
14
36
35
29
59
14
12
27
12
56
74
32
14
16
60
66
26
23
22
32
44
18
56
33
38
54
17
19
50
56
55
49
57
42
9
55
441
122
86
33
79
42
55
13
47
11
50
25
64
28
35
43
32
22
67
32
25
37
25
53
151
146
9
40
25
68
74
49
65
20
43
14
59
48
32
54
25
55
19
27
22
43
62
56
68
33
16
42
39
46
35
45
9
12
17
21
45
35
77
7
33
23
17
31
88
7
16
61
40
32
35
6
15
33
20
40
58
69
45
41
84
82
26
27
11
20
21
35
70
45
5
46
78
59
17
73
30
59
29
48
8
72
147
356
312
97
71
68
46
13
38
51
37
33
2
60
59
65
19
24
30
42
94
60
56
28
70
176
178
18
85
18
111
69
54
145
56
69
40
29
47
35
85
52
72
24
36
77
48
21
31
65
34
26
97
50
53
46
64
50
51
7
43
19
74
47
25
30
15
81
36
30
43
71
48
51
58
72
48
24
29
68
85
35
91
51
87
42
60
57
3
51
46
7
63
117
57
51
22
39
53
23
59
81
72
8
56
166
130
146
373
714
168
152
84
65
64
71
5
49
70
10
6
52
69
18
85
85
81
27
58
74
37
11
110
74
78
54
8
23
55
24
63
54
108
98
63
39
63
97
68
55
16
60
31
23
55
95
54
27
80
39
58
16
122
107
42
81
55
74
25
59
111
65
70
38
177
50
37
47
40
70
69
120
57
87
32
117
146
107
106
14
168
70
131
180
110
29
10
30
32
43
36
61
198
173
52
84
32
142
54
143
59
89
139
215
213
262
3245
358
53
87
84
84
68
53
49
162
86
123
96
105
49
95
41
140
114
90
79
71
120
98
76
101
130
82
78
43
41
224
86
135
87
136
57
211
132
82
75
67
62
224
41
68
144
185
65
37
42
18
88
135
320
158
47
136
129
94
9
5
159
118
62
172
179
62
17
55
200
26
73
55
149
175
110
80
86
44
109
103
53
177
241
177
130
39
119
36
59
36
94
183
112
63
161
182
63
216
87
27
154
140
37
29
72
906
309
182
115
114
279
153
271
155
207
138
5
187
176
150
200
120
149
244
68
207
121
183
220
216
80
157
101
88
151
296
51
139
151
129
34
297
155
209
249
310
369
231
313
383
164
190
227
101
228
356
253
411
448
454
87
266
71
405
551
309
357
302
140
477
524
333
338
470
537
436
433
363
639
442
465
393
618
519
421
481
686
634
648
640
936
810
925
1064
1208
1072
1040
1133
1340
1475
1525
1752
2219
2147
2095
2627
3073
3793
4644
6204
9154
15934
10451
31628
13654
8310
6201
4828
3874
3326
3129
2630
2526
2491
2117
2177
1953
1497
1492
1312
1548
1531
1171
1384
1470
1203
1067
1027
1215
1246
1030
807
1082
917
1024
871
811
1185
982
831
608
1135
929
558
1243
1629
1194
264
640
486
586
4448
1438
1701
1252
1550
